10 25 20
10 29 13
10 25 12
10 23 15
10 24 18
10 52 20
10 26 20
10 27 14
10 33 17
10 31 12
10 33 16
10 38 18
10 22 19
10 20 17
10 22 14
10 24 17
10 21 17
10 42 16
10 21 18
10 33 14
10 33 18
10 15 18
10 23 12
10 24 17
10 18 19
10 24 15
10 18 15
10 23 16
10 16 17
10 25 14
10 31 13
10 28 15
10 17 18
10 25 16
10 23 18
10 41 18
10 39 15
10 26 17
10 28 15
10 45 20
10 34 17
10 21 14
10 24 15
10 19 16
10 22 14
10 30 16
10 17 15
10 30 12
10 37 18
10 23 19
10 30 18
10 22 13
10 56 20
10 33 15
10 17 12
10 27 16
10 44 21
10 36 20
10 27 13
10 26 13
10 37 18
10 39 19
10 19 15
10 20 13
10 25 19
10 27 14
10 42 21
10 31 17
10 24 18
10 38 20
10 25 18
10 27 14
10 28 16
10 26 14
10 23 15
10 31 20
10 25 12
10 33 17
10 33 20
10 22 18
10 34 17
10 20 16
10 33 16
10 36 19
10 30 18
10 31 18
10 39 17
10 23 13
10 24 14
10 21 18
10 37 15
10 22 17
10 26 13
10 26 17
10 19 17
10 16 18
10 24 11
10 24 18
10 26 15
10 26 16
20 84 33
20 89 32
20 124 48
20 84 38
20 142 49
20 89 31
20 75 30
20 72 33
20 78 41
20 67 46
20 89 40
20 89 40
20 98 36
20 88 40
20 77 27
20 65 33
20 94 41
20 90 30
20 80 41
20 62 41
20 86 34
20 101 40
20 61 32
20 75 29
20 101 45
20 69 33
20 84 34
20 86 40
20 73 40
20 132 50
20 72 34
20 91 37
20 87 38
20 113 37
20 81 38
20 70 38
20 80 33
20 68 36
20 90 47
20 63 32
20 73 47
20 83 33
20 118 52
20 58 37
20 88 40
20 115 46
20 81 39
20 97 40
20 95 46
20 71 32
20 127 50
20 76 37
20 61 40
20 98 45
20 64 45
20 70 36
20 81 36
20 72 30
20 89 33
20 75 34
20 83 44
20 64 37
20 68 32
20 73 38
20 70 43
20 161 56
20 102 36
20 95 38
20 61 34
20 101 40
20 90 35
20 80 33
20 72 27
20 74 39
20 87 37
20 136 49
20 75 38
20 84 34
20 65 35
20 70 36
20 73 35
20 68 36
20 80 43
20 83 30
20 75 34
20 99 38
20 63 37
20 67 36
20 80 31
20 79 35
20 68 34
20 106 35
20 106 34
20 69 40
20 57 33
20 96 46
20 90 40
20 68 36
20 65 40
20 64 37
30 129 72
30 160 83
30 165 64
30 149 60
30 124 51
30 126 62
30 207 62
30 124 56
30 109 57
30 139 58
30 222 69
30 157 66
30 145 72
30 167 66
30 131 60
30 129 67
30 137 73
30 117 54
30 155 64
30 120 52
30 156 68
30 212 72
30 119 54
30 128 50
30 122 57
30 109 56
30 147 70
30 150 64
30 171 72
30 172 60
30 129 65
30 157 59
30 120 69
30 133 63
30 175 55
30 129 54
30 152 61
30 184 59
30 176 61
30 138 54
30 156 55
30 130 72
30 158 61
30 174 68
30 234 82
30 160 69
30 212 79
30 172 79
30 129 69
30 136 67
30 145 66
30 155 66
30 141 54
30 182 55
30 208 75
30 130 61
30 195 64
30 135 60
30 143 61
30 126 67
30 155 52
30 117 64
30 126 67
30 165 51
30 145 73
30 149 69
30 154 56
30 154 67
30 150 62
30 132 63
30 138 59
30 146 70
30 161 71
30 126 67
30 205 84
30 141 60
30 190 73
30 130 60
30 168 59
30 133 71
30 139 59
30 152 60
30 171 59
30 128 60
30 141 57
30 161 68
30 130 53
30 142 63
30 129 58
30 139 60
30 212 73
30 130 51
30 119 58
30 119 59
30 228 71
30 118 56
30 125 66
30 114 54
30 117 63
30 142 57
40 219 96
40 253 78
40 184 97
40 244 83
40 222 78
40 202 90
40 201 76
40 196 79
40 203 82
40 312 117
40 218 84
40 267 96
40 201 92
40 239 104
40 265 103
40 196 90
40 277 109
40 238 96
40 220 87
40 211 79
40 230 100
40 290 91
40 358 114
40 206 90
40 187 92
40 294 92
40 194 92
40 221 103
40 211 106
40 185 81
40 181 73
40 271 70
40 185 87
40 360 135
40 203 86
40 245 94
40 220 98
40 186 80
40 186 82
40 199 95
40 220 83
40 210 96
40 227 97
40 175 87
40 208 88
40 236 98
40 178 80
40 287 99
40 192 79
40 264 107
40 178 84
40 223 94
40 283 93
40 262 110
40 185 100
40 251 89
40 204 89
40 262 81
40 290 111
40 291 108
40 165 89
40 277 98
40 220 95
40 268 93
40 173 73
40 216 85
40 164 83
40 211 97
40 204 93
40 195 88
40 230 85
40 211 93
40 192 82
40 232 97
40 264 97
40 243 90
40 234 100
40 233 90
40 276 79
40 330 107
40 227 87
40 238 105
40 166 79
40 281 109
40 304 111
40 219 88
40 258 91
40 212 108
40 231 92
40 258 93
40 282 119
40 262 93
40 205 90
40 217 100
40 192 91
40 203 78
40 275 100
40 169 81
40 242 103
40 274 77
50 230 104
50 269 97
50 412 153
50 237 114
50 319 129
50 540 178
50 365 143
50 374 127
50 281 112
50 314 95
50 231 112
50 268 107
50 282 120
50 216 109
50 279 110
50 428 157
50 249 105
50 377 157
50 273 127
50 277 126
50 280 127
50 258 111
50 279 105
50 287 114
50 302 130
50 319 136
50 310 102
50 295 111
50 342 110
50 362 109
50 223 113
50 337 117
50 325 111
50 345 126
50 269 124
50 235 115
50 344 122
50 273 102
50 332 114
50 274 118
50 269 125
50 322 93
50 271 131
50 247 113
50 407 138
50 358 140
50 261 108
50 266 129
50 245 124
50 254 116
50 330 113
50 282 118
50 270 107
50 336 109
50 278 122
50 352 113
50 345 119
50 294 97
50 229 128
50 247 103
50 239 120
50 317 125
50 340 123
50 466 158
50 272 116
50 328 112
50 321 102
50 269 110
50 355 123
50 270 101
50 300 134
50 311 149
50 257 103
50 349 130
50 245 111
50 299 101
50 407 115
50 254 106
50 298 133
50 318 127
50 265 109
50 277 127
50 388 127
50 274 107
50 343 98
50 330 127
50 376 125
50 430 126
50 321 130
50 307 127
50 366 129
50 250 125
50 229 115
50 344 130
50 255 111
50 262 115
50 383 138
50 268 110
50 260 113
50 253 116
60 313 146
60 489 167
60 453 169
60 401 141
60 438 133
60 399 154
60 360 151
60 324 133
60 556 162
60 383 173
60 346 143
60 351 140
60 418 173
60 380 148
60 602 188
60 335 137
60 489 166
60 446 165
60 377 139
60 356 147
60 390 155
60 322 143
60 417 154
60 375 161
60 371 148
60 428 160
60 324 134
60 472 152
60 392 153
60 431 128
60 324 148
60 417 165
60 477 147
60 340 145
60 368 143
60 443 169
60 357 140
60 367 129
60 482 145
60 382 134
60 425 151
60 646 192
60 338 133
60 293 151
60 416 154
60 332 133
60 337 145
60 299 146
60 389 143
60 333 123
60 376 148
60 443 146
60 320 133
60 393 143
60 352 134
60 318 146
60 409 148
60 441 168
60 350 158
60 356 129
60 446 154
60 473 173
60 335 138
60 350 127
60 411 155
60 294 141
60 439 168
60 302 143
60 370 155
60 477 154
60 316 147
60 478 140
60 472 170
60 380 148
60 518 170
60 370 152
60 404 160
60 356 136
60 399 160
60 287 156
60 385 140
60 310 138
60 397 162
60 366 162
60 336 136
60 361 148
60 345 137
60 378 127
60 434 158
60 327 133
60 377 128
60 355 155
60 438 152
60 507 165
60 375 147
60 365 140
60 369 134
60 513 183
60 558 199
60 332 140
70 464 174
70 464 174
70 442 184
70 446 161
70 455 169
70 512 191
70 433 194
70 543 179
70 430 158
70 407 172
70 586 168
70 411 172
70 377 173
70 529 166
70 459 171
70 473 185
70 378 155
70 520 196
70 490 218
70 388 170
70 470 177
70 382 194
70 380 166
70 437 168
70 391 153
70 474 199
70 359 165
70 512 174
70 517 172
70 515 184
70 518 183
70 480 172
70 525 189
70 379 192
70 522 187
70 404 159
70 396 156
70 526 175
70 605 207
70 470 153
70 535 211
70 357 181
70 434 170
70 541 175
70 358 167
70 473 182
70 516 194
70 369 174
70 387 175
70 469 179
70 500 172
70 454 178
70 501 168
70 456 205
70 351 181
70 358 167
70 574 152
70 486 201
70 440 191
70 575 170
70 495 187
70 519 194
70 413 174
70 422 177
70 434 168
70 463 193
70 449 172
70 552 193
70 420 164
70 390 182
70 452 182
70 566 168
70 453 153
70 436 170
70 449 176
70 427 194
70 669 187
70 401 175
70 372 172
70 476 182
70 481 175
70 527 180
70 392 153
70 458 159
70 459 178
70 502 167
70 569 202
70 592 211
70 477 171
70 396 164
70 541 166
70 530 170
70 675 229
70 481 186
70 445 158
70 550 186
70 651 225
70 544 176
70 525 190
70 395 173
80 536 219
80 473 209
80 475 208
80 524 221
80 592 214
80 461 204
80 506 200
80 559 203
80 484 190
80 570 199
80 717 231
80 670 243
80 609 256
80 530 188
80 476 224
80 612 222
80 637 196
80 618 211
80 486 188
80 627 221
80 600 205
80 676 240
80 637 215
80 537 209
80 807 280
80 601 208
80 536 212
80 513 188
80 594 180
80 633 229
80 577 211
80 551 202
80 532 194
80 557 194
80 493 194
80 498 191
80 608 220
80 555 223
80 519 175
80 548 195
80 515 210
80 512 216
80 598 204
80 548 204
80 537 231
80 609 211
80 546 209
80 595 206
80 468 211
80 576 191
80 512 222
80 655 226
80 517 193
80 547 207
80 582 195
80 555 162
80 592 220
80 581 232
80 503 176
80 602 212
80 615 235
80 527 203
80 507 222
80 679 190
80 545 191
80 670 224
80 640 207
80 730 242
80 539 216
80 663 212
80 509 214
80 505 225
80 581 200
80 542 219
80 632 241
80 625 252
80 461 201
80 546 209
80 560 223
80 490 184
80 468 175
80 509 200
80 720 252
80 491 216
80 639 221
80 503 185
80 451 205
80 488 206
80 590 223
80 470 186
80 630 243
80 614 193
80 766 231
80 600 222
80 513 181
80 735 243
80 599 211
80 479 189
80 636 208
80 483 197
90 649 250
90 681 232
90 889 281
90 1009 316
90 551 228
90 662 277
90 772 269
90 630 236
90 543 228
90 678 262
90 794 261
90 858 270
90 704 248
90 701 223
90 691 236
90 549 236
90 623 273
90 582 208
90 624 240
90 714 226
90 565 208
90 647 273
90 696 254
90 565 226
90 761 265
90 609 222
90 664 254
90 796 261
90 581 262
90 768 208
90 745 279
90 625 251
90 675 266
90 546 239
90 845 300
90 674 245
90 682 244
90 560 246
90 835 296
90 639 193
90 687 255
90 794 277
90 589 262
90 622 272
90 957 296
90 578 232
90 574 245
90 680 222
90 688 234
90 551 259
90 727 228
90 638 222
90 570 238
90 621 237
90 592 246
90 632 216
90 799 198
90 547 233
90 560 234
90 855 254
90 665 225
90 627 236
90 709 240
90 698 276
90 698 223
90 598 227
90 629 240
90 598 253
90 764 262
90 558 230
90 530 233
90 603 255
90 665 245
90 605 212
90 618 235
90 851 290
90 578 249
90 723 232
90 657 204
90 646 247
90 618 206
90 805 289
90 666 240
90 840 236
90 604 273
90 596 218
90 575 230
90 532 233
90 866 288
90 839 260
90 756 257
90 774 277
90 571 212
90 780 271
90 729 229
90 584 232
90 518 239
90 873 340
90 716 254
90 862 291
100 710 249
100 711 264
100 562 257
100 729 283
100 866 280
100 641 284
100 744 285
100 917 305
100 680 288
100 691 266
100 835 306
100 620 244
100 728 267
100 811 290
100 731 285
100 759 273
100 700 272
100 802 277
100 628 276
100 728 239
100 838 255
100 733 234
100 714 289
100 996 317
100 729 243
100 986 341
100 841 247
100 706 272
100 700 312
100 691 278
100 633 278
100 603 270
100 905 300
100 611 255
100 610 232
100 665 287
100 1038 303
100 876 275
100 900 312
100 762 255
100 663 254
100 675 272
100 897 328
100 710 247
100 794 313
100 815 255
100 689 274
100 772 270
100 889 312
100 670 269
100 854 284
100 1050 311
100 767 291
100 865 289
100 764 283
100 880 283
100 943 360
100 724 282
100 722 258
100 689 258
100 708 292
100 925 304
100 778 270
100 794 270
100 619 280
100 803 259
100 781 258
100 687 259
100 807 294
100 845 273
100 984 326
100 860 314
100 697 246
100 679 265
100 782 247
100 809 297
100 850 267
100 993 309
100 613 242
100 801 296
100 547 268
100 725 235
100 720 262
100 731 292
100 620 232
100 630 280
100 982 362
100 668 281
100 676 275
100 690 247
100 718 297
100 647 268
100 657 297
100 778 316
100 836 329
100 731 256
100 914 304
100 910 302
100 762 278
100 703 278
110 962 318
110 1047 349
110 1012 363
110 1039 356
110 880 319
110 750 303
110 858 283
110 761 304
110 855 296
110 868 287
110 712 275
110 819 304
110 898 277
110 747 280
110 711 311
110 924 290
110 840 305
110 1024 319
110 993 362
110 764 298
110 839 292
110 704 307
110 864 302
110 977 327
110 802 307
110 1048 327
110 734 295
110 881 272
110 891 293
110 819 342
110 1114 388
110 693 282
110 740 300
110 963 349
110 1015 298
110 841 294
110 781 300
110 1013 355
110 762 276
110 757 288
110 836 331
110 916 292
110 782 276
110 835 298
110 1070 271
110 979 320
110 734 281
110 746 293
110 1141 380
110 1029 353
110 760 317
110 681 284
110 869 315
110 651 304
110 1174 375
110 981 315
110 862 292
110 760 310
110 1059 401
110 714 306
110 819 315
110 987 310
110 745 284
110 880 296
110 786 296
110 780 287
110 791 305
110 774 279
110 810 271
110 732 293
110 753 278
110 1045 346
110 766 274
110 771 291
110 720 319
110 798 289
110 783 268
110 708 271
110 639 303
110 713 279
110 871 266
110 810 318
110 779 299
110 1129 405
110 772 306
110 766 260
110 997 267
110 715 310
110 1091 382
110 906 353
110 756 297
110 882 306
110 843 291
110 897 333
110 798 292
110 824 273
110 956 339
110 746 341
110 840 292
110 1015 301
120 908 357
120 810 334
120 950 353
120 1076 300
120 944 353
120 978 344
120 845 302
120 1069 350
120 1041 290
120 1131 395
120 799 317
120 848 318
120 894 337
120 1137 375
120 900 347
120 920 349
120 1495 496
120 1213 367
120 1132 365
120 1124 363
120 1357 427
120 1071 326
120 814 338
120 1107 357
120 1049 362
120 805 332
120 1134 382
120 1052 411
120 910 335
120 869 339
120 900 331
120 947 341
120 990 380
120 1264 450
120 1024 328
120 809 316
120 983 304
120 1015 303
120 917 318
120 1077 381
120 908 346
120 1117 360
120 775 311
120 883 322
120 854 347
120 1171 354
120 934 400
120 789 308
120 1198 418
120 975 383
120 849 343
120 893 347
120 1136 321
120 1081 417
120 1034 383
120 861 316
120 1055 347
120 843 342
120 944 350
120 950 302
120 1197 409
120 1180 377
120 973 376
120 1030 326
120 1066 396
120 960 365
120 873 321
120 778 342
120 905 368
120 1011 357
120 1195 358
120 1101 332
120 834 357
120 962 347
120 885 348
120 863 302
120 867 348
120 956 341
120 1222 390
120 988 356
120 1080 381
120 1104 329
120 977 345
120 971 329
120 1309 417
120 886 300
120 913 321
120 1079 383
120 1018 358
120 809 301
120 1114 399
120 924 326
120 910 302
120 1074 358
120 1420 459
120 781 309
120 813 312
120 794 346
120 906 313
120 890 315
130 1043 395
130 1091 390
130 1074 408
130 1097 356
130 911 352
130 1044 371
130 1029 341
130 988 356
130 1170 403
130 1072 382
130 949 362
130 978 380
130 954 374
130 1073 356
130 1175 391
130 949 336
130 1021 361
130 1010 383
130 1056 422
130 981 332
130 1266 398
130 1031 333
130 1338 462
130 1191 397
130 943 367
130 824 362
130 1215 425
130 1000 339
130 1060 362
130 1085 412
130 964 343
130 848 363
130 989 352
130 975 417
130 1239 418
130 1342 384
130 1407 476
130 971 365
130 1099 408
130 1304 405
130 1000 389
130 1254 415
130 1059 342
130 1217 416
130 951 347
130 1325 432
130 1026 351
130 1116 455
130 965 340
130 952 364
130 1048 409
130 1395 453
130 1149 379
130 1082 408
130 1517 435
130 963 358
130 1307 395
130 975 406
130 1036 408
130 953 354
130 1053 345
130 1349 407
130 959 334
130 1180 426
130 1145 397
130 1273 425
130 1010 386
130 1103 396
130 922 381
130 943 357
130 1122 413
130 1031 350
130 1045 377
130 1125 394
130 974 327
130 1210 364
130 1056 421
130 989 365
130 1057 311
130 1167 345
130 1243 445
130 1125 335
130 988 387
130 1072 354
130 1085 387
130 1063 358
130 1052 360
130 1026 417
130 1255 411
130 984 359
130 1240 447
130 1066 340
130 944 338
130 944 348
130 932 388
130 1079 339
130 1081 382
130 1047 331
130 1070 341
130 996 351
140 1049 402
140 1182 407
140 1142 390
140 1100 430
140 1139 398
140 1056 390
140 1569 521
140 1013 436
140 1090 404
140 1273 398
140 1020 387
140 1072 396
140 1202 357
140 1103 405
140 1178 357
140 1019 403
140 972 372
140 1575 481
140 975 401
140 1293 350
140 1007 371
140 1196 404
140 1173 409
140 1039 408
140 1056 378
140 1361 453
140 1361 475
140 1305 422
140 1240 387
140 1238 430
140 1101 376
140 1154 448
140 1135 404
140 1155 426
140 1116 354
140 1399 468
140 1451 491
140 1097 410
140 1099 417
140 1279 461
140 1059 393
140 1505 501
140 1016 413
140 1185 416
140 1168 416
140 1166 403
140 1023 416
140 1093 423
140 1273 396
140 1358 500
140 1031 451
140 1014 420
140 1231 403
140 1288 417
140 1057 443
140 1168 354
140 1041 378
140 1397 416
140 1030 385
140 978 372
140 1050 362
140 995 399
140 1168 427
140 1380 393
140 1202 380
140 1358 480
140 1001 382
140 1040 377
140 1478 478
140 1170 372
140 1257 380
140 1228 389
140 1121 436
140 1463 440
140 1198 390
140 1076 362
140 1338 447
140 1134 386
140 1366 392
140 1450 482
140 1076 364
140 1050 397
140 1043 378
140 1270 395
140 1208 506
140 1471 390
140 1134 415
140 1258 380
140 1527 417
140 1098 393
140 1089 411
140 1251 425
140 1397 456
140 1397 448
140 1158 350
140 1259 484
140 1009 358
140 1608 514
140 1153 411
140 1242 412
150 1247 404
150 1379 418
150 1267 414
150 1559 504
150 1350 422
150 1182 459
150 1464 481
150 1527 500
150 1071 413
150 1449 467
150 1161 407
150 1172 374
150 1256 405
150 1388 485
150 1154 438
150 1116 406
150 1392 469
150 1215 453
150 1444 412
150 1104 388
150 1417 482
150 1210 421
150 1448 437
150 1331 454
150 1242 475
150 1212 395
150 1375 506
150 1335 393
150 1569 551
150 1069 449
150 1473 496
150 1001 424
150 1395 437
150 1489 492
150 1431 457
150 1193 427
150 1377 463
150 1159 416
150 1124 403
150 1252 414
150 1488 467
150 1095 428
150 1317 465
150 1480 506
150 1394 416
150 1284 470
150 1370 429
150 1191 425
150 1210 453
150 1100 393
150 1092 465
150 1446 441
150 1039 421
150 1331 450
150 1164 372
150 1194 408
150 1121 432
150 1243 448
150 1430 469
150 1491 455
150 1444 492
150 1354 447
150 993 423
150 1143 410
150 1372 412
150 1404 484
150 1409 429
150 1032 416
150 1267 493
150 1375 470
150 1255 468
150 1593 514
150 1069 496
150 1226 458
150 1200 426
150 1102 410
150 1528 474
150 1427 504
150 1328 518
150 1055 428
150 1437 416
150 1879 642
150 1498 436
150 1131 494
150 1151 401
150 1256 460
150 1156 382
150 1087 422
150 1767 568
150 1587 482
150 1070 395
150 1504 510
150 1352 449
150 1293 460
150 1200 429
150 1436 445
150 1355 424
150 1125 460
150 1224 417
150 1311 405
160 1133 460
160 1310 501
160 1383 485
160 1515 514
160 1347 460
160 1369 448
160 1294 459
160 1855 619
160 1321 504
160 1570 469
160 1351 501
160 1315 431
160 1700 571
160 1185 498
160 1736 511
160 1107 433
160 1275 452
160 1386 428
160 1286 464
160 1496 522
160 1511 422
160 1471 454
160 1148 473
160 1328 505
160 1383 520
160 1468 427
160 1339 464
160 1175 471
160 1357 525
160 1332 479
160 1451 537
160 1298 474
160 1277 505
160 1561 523
160 1409 448
160 1302 422
160 1173 428
160 1233 434
160 1437 488
160 1221 467
160 1546 502
160 1541 557
160 1232 456
160 1351 435
160 1360 534
160 1519 507
160 1439 470
160 1304 459
160 1327 460
160 1408 494
160 1451 477
160 1327 506
160 1462 469
160 1284 488
160 1227 453
160 1159 447
160 1222 453
160 1302 482
160 1491 470
160 1211 454
160 1507 464
160 1213 504
160 1730 574
160 1500 421
160 1349 468
160 1392 471
160 1691 568
160 1924 607
160 1251 476
160 1255 460
160 1207 443
160 1522 543
160 1320 547
160 1163 493
160 1443 504
160 1284 495
160 1346 485
160 1295 504
160 1431 478
160 1188 483
160 1330 468
160 1274 452
160 1453 451
160 1589 476
160 1302 465
160 1249 481
160 1482 486
160 1287 480
160 1757 554
160 1236 426
160 1519 464
160 1370 479
160 1065 414
160 1362 469
160 1412 499
160 1447 526
160 1184 430
160 1298 484
160 1578 564
160 1588 492
170 1274 494
170 1655 542
170 1776 590
170 1382 576
170 1438 501
170 1413 491
170 1368 511
170 1413 482
170 1651 512
170 1223 474
170 1297 479
170 1474 549
170 1305 477
170 1790 640
170 2072 668
170 1481 512
170 1190 478
170 1516 532
170 1300 481
170 1443 455
170 1421 541
170 1423 517
170 1679 617
170 1601 600
170 1483 522
170 1290 516
170 1384 526
170 1443 542
170 1316 492
170 1360 580
170 1464 497
170 1567 475
170 1645 552
170 2014 642
170 1268 546
170 1411 589
170 1426 531
170 1718 609
170 1429 521
170 1285 511
170 1715 495
170 1355 463
170 1507 474
170 1319 470
170 1785 509
170 1447 497
170 1677 458
170 1507 527
170 1560 505
170 1613 497
170 1440 555
170 1897 650
170 1528 531
170 1410 485
170 1331 568
170 1582 490
170 1586 495
170 1677 518
170 1569 509
170 1694 465
170 1584 561
170 1392 495
170 1623 490
170 1443 522
170 1394 492
170 1547 553
170 1397 498
170 1424 506
170 1291 447
170 1732 504
170 1679 527
170 1518 546
170 1496 523
170 1422 497
170 1730 609
170 1347 520
170 2227 614
170 1234 492
170 1602 513
170 1343 484
170 1724 585
170 1353 509
170 1192 478
170 1573 533
170 1643 484
170 1365 494
170 1600 536
170 1666 533
170 1351 475
170 1440 504
170 1245 526
170 1926 659
170 1401 493
170 1561 565
170 1793 596
170 1625 557
170 1482 485
170 1534 518
170 1496 472
170 1468 492
180 1374 491
180 1242 512
180 1960 743
180 1839 622
180 1486 547
180 1721 564
180 1629 501
180 1555 516
180 1360 593
180 1545 488
180 1363 508
180 1567 582
180 1475 521
180 1820 608
180 1603 626
180 1555 543
180 1524 517
180 1592 480
180 1630 596
180 1565 520
180 2210 719
180 1567 512
180 1744 557
180 2032 588
180 1699 605
180 1642 567
180 1469 506
180 1788 537
180 1830 523
180 1906 490
180 1724 620
180 1447 520
180 1352 578
180 1767 500
180 1461 594
180 1551 595
180 1568 520
180 1688 619
180 1809 562
180 1660 555
180 1499 538
180 1720 542
180 1838 639
180 1254 578
180 1727 532
180 1483 488
180 1574 526
180 1619 588
180 1482 493
180 1685 642
180 1754 575
180 1621 544
180 1577 568
180 1362 530
180 1689 490
180 1891 553
180 1541 499
180 1786 535
180 1464 576
180 1510 477
180 1470 508
180 1553 565
180 1598 586
180 1486 593
180 1360 498
180 1486 651
180 1427 513
180 1706 508
180 1644 501
180 1790 534
180 1250 562
180 1629 491
180 1404 546
180 1764 510
180 1643 588
180 1558 538
180 1620 574
180 1699 554
180 1432 624
180 1615 504
180 1882 623
180 1509 608
180 1652 475
180 1385 532
180 1578 577
180 1621 556
180 1641 474
180 1451 522
180 1476 484
180 1805 584
180 1636 598
180 1291 516
180 1333 562
180 1396 500
180 1367 544
180 2113 644
180 1518 541
180 1457 515
180 1412 506
180 1473 571
190 1443 543
190 1683 640
190 1555 552
190 1558 629
190 2285 731
190 1853 594
190 1698 568
190 1756 557
190 1542 597
190 1725 523
190 1730 615
190 1736 563
190 1640 604
190 1668 596
190 1697 529
190 1498 525
190 2045 679
190 1811 615
190 1539 565
190 1632 577
190 2189 508
190 2446 759
190 1815 592
190 1882 653
190 1543 581
190 1637 579
190 1795 609
190 1750 636
190 1775 627
190 1679 583
190 1712 620
190 1644 608
190 1523 560
190 1750 635
190 1973 665
190 1438 578
190 2213 749
190 1640 585
190 2038 688
190 1472 554
190 1802 578
190 1484 543
190 1557 538
190 1638 614
190 1539 582
190 1490 559
190 1427 556
190 1988 621
190 1591 542
190 1579 574
190 1830 639
190 1476 580
190 1489 587
190 1937 640
190 1764 561
190 1724 586
190 1608 548
190 2485 708
190 1604 564
190 2143 734
190 1761 644
190 1687 496
190 1859 612
190 1748 603
190 1802 633
190 1576 582
190 2106 654
190 1712 572
190 1649 570
190 2132 616
190 1883 591
190 1442 550
190 1829 650
190 2136 638
190 1479 502
190 1673 615
190 1973 641
190 1503 647
190 1637 520
190 1446 614
190 1677 533
190 1872 677
190 1647 554
190 1792 549
190 1788 588
190 1660 549
190 1872 586
190 1506 602
190 1605 554
190 1626 584
190 1971 677
190 1583 577
190 1615 532
190 1791 612
190 1677 574
190 1889 615
190 1914 713
190 1788 620
190 1743 536
190 1834 559
200 2207 659
200 1823 528
200 1956 618
200 2024 705
200 1907 604
200 1973 617
200 2083 618
200 1609 581
200 1677 617
200 1886 649
200 1550 576
200 1663 601
200 1938 718
200 1862 595
200 1657 582
200 2080 607
200 1958 727
200 1868 660
200 1760 568
200 1881 590
200 2356 717
200 2935 820
200 1708 602
200 2063 647
200 2331 723
200 2171 705
200 1715 553
200 1694 655
200 1529 650
200 1715 639
200 2202 756
200 1658 597
200 1902 618
200 2004 610
200 1775 536
200 1651 630
200 1705 599
200 1838 588
200 1589 569
200 1740 639
200 1559 639
200 1685 619
200 1584 585
200 1712 534
200 2075 655
200 1757 634
200 2000 645
200 1636 627
200 2045 620
200 1641 597
200 1786 636
200 1513 592
200 1797 622
200 1679 639
200 2130 709
200 1709 640
200 1694 539
200 1834 635
200 2061 681
200 1606 575
200 1470 622
200 1695 663
200 2067 695
200 1580 576
200 1617 583
200 1749 661
200 1640 601
200 2190 619
200 2037 559
200 1964 581
200 1834 713
200 1983 639
200 1877 653
200 1894 713
200 1914 654
200 1652 531
200 1863 592
200 1544 568
200 1814 590
200 1620 582
200 1853 629
200 1773 625
200 2022 632
200 2350 739
200 1678 648
200 1771 576
200 2046 666
200 1874 644
200 1692 623
200 1695 553
200 1612 613
200 1509 602
200 1686 588
200 2194 644
200 1487 612
200 1583 579
200 1835 673
200 1979 678
200 2052 597
200 1958 713
1000 13596 4070
1000 12903 4152
1000 13847 3945
1000 10935 3653
1000 11866 3968
1000 13890 4562
1000 12896 3929
1000 12996 3839
1000 13518 4156
1000 13240 3723
1000 14131 4344
1000 14858 4139
1000 11830 4092
1000 14600 3882
1000 12276 3716
1000 12791 3745
1000 12886 4096
1000 11227 3876
1000 12323 3691
1000 10877 4022
1000 11668 3826
1000 11112 3798
1000 13021 4467
1000 14247 3936
1000 14516 3758
1000 13217 4365
1000 11388 3663
1000 12311 3947
1000 14471 4096
1000 13235 3651
1000 11468 3828
1000 13827 3682
1000 12684 3919
1000 12684 4153
1000 14886 4496
1000 12339 3837
1000 14210 4167
1000 13337 4363
1000 11972 4046
1000 12640 3947
1000 11530 3971
1000 12848 3867
1000 12657 3855
1000 14309 4272
1000 12823 4189
1000 13703 4142
1000 13138 4003
1000 13418 3745
1000 12080 4011
1000 11909 4030
1000 15063 4699
1000 13900 4065
1000 16058 4114
1000 14195 4049
1000 11676 3739
1000 12343 3755
1000 15255 4549
1000 12153 3719
1000 13141 4461
1000 12237 4106
1000 12288 3920
1000 14076 4362
1000 11945 3812
1000 11864 3961
1000 12973 3839
1000 13929 4412
1000 13455 4000
1000 12228 4264
1000 13038 3991
1000 12272 4274
1000 12571 3671
1000 12577 3851
1000 11636 3987
1000 13384 3688
1000 12441 3994
1000 13649 4205
1000 11692 4144
1000 13757 3776
1000 18327 5332
1000 11514 3748
1000 11746 3846
1000 15519 4495
1000 12278 3747
1000 13403 4510
1000 12241 3919
1000 12306 4157
1000 13818 4098
1000 13537 4426
1000 12781 4007
1000 14127 3750
1000 11735 3920
1000 15026 4172
1000 13374 4010
1000 11869 3905
1000 12832 3984
1000 13314 4126
1000 12462 4134
1000 13206 4154
1000 12105 3923
1000 13074 3850
2000 29211 8540
2000 27900 8470
2000 29744 7674
2000 30416 8790
2000 29221 8342
2000 33894 10177
2000 28395 8386
2000 29993 7985
2000 29394 8625
2000 27770 8360
2000 36880 10539
2000 30441 9117
2000 26986 8192
2000 31886 9678
2000 30948 9603
2000 32722 9457
2000 29004 8867
2000 33316 9835
2000 28287 8855
2000 29362 8066
2000 27573 9189
2000 30367 8976
2000 29850 8627
2000 27450 8504
2000 29545 8550
2000 30244 8225
2000 28092 8319
2000 28474 8207
2000 26803 8595
2000 26738 8780
2000 32102 9440
2000 30773 8987
2000 26411 8826
2000 27304 9028
2000 30728 9332
2000 30012 8857
2000 29251 8284
2000 31730 9647
2000 28686 8179
2000 25922 8588
2000 27550 8602
2000 33583 9375
2000 27785 8517
2000 27521 8702
2000 27360 8941
2000 27011 8188
2000 33453 8632
2000 28916 9207
2000 28398 9309
2000 29004 8392
2000 30040 8507
2000 29109 9128
2000 27548 7898
2000 27521 8267
2000 31033 9235
2000 30788 9307
2000 28284 9124
2000 25987 8073
2000 29246 8525
2000 30381 8152
2000 32399 9616
2000 27763 7939
2000 27002 8549
2000 27458 9065
2000 27471 8853
2000 27813 8856
2000 31013 9654
2000 26919 8478
2000 32790 10085
2000 30839 9034
2000 34018 9287
2000 30873 9342
2000 29125 8474
2000 30417 9133
2000 28321 8731
2000 25542 8881
2000 28197 8855
2000 28007 8642
2000 26914 8568
2000 26774 8960
2000 27832 8380
2000 28461 8744
2000 28455 8679
2000 28664 8891
2000 33238 10113
2000 33060 9898
2000 33313 9069
2000 35018 9182
2000 33716 9023
2000 31772 8926
2000 28772 8843
2000 28646 8702
2000 26395 8408
2000 25253 8240
2000 27430 8696
2000 29704 8712
2000 30120 8708
2000 26193 8730
2000 32165 8587
2000 28705 8819
3000 42047 13179
3000 46358 13979
3000 46971 14084
3000 44185 14027
3000 47444 14607
3000 47044 13414
3000 46308 14143
3000 44112 12829
3000 42976 13202
3000 43215 13054
3000 45695 14049
3000 45173 13781
3000 46854 13362
3000 58129 16347
3000 45550 14077
3000 47971 13962
3000 46454 14165
3000 53472 15647
3000 47466 14203
3000 45668 14224
3000 43580 13854
3000 43447 13124
3000 47686 14521
3000 49571 14701
3000 53062 13079
3000 47374 13639
3000 46932 14355
3000 47424 13895
3000 41618 14725
3000 45880 13044
3000 44551 13020
3000 49448 14124
3000 45242 12725
3000 47538 13900
3000 43208 13400
3000 50022 14560
3000 49633 12434
3000 46034 13585
3000 47650 13383
3000 45743 13407
3000 47051 14171
3000 44584 14296
3000 45314 14277
3000 56461 16618
3000 59768 16445
3000 45892 12924
3000 44595 13799
3000 47922 14534
3000 44762 14008
3000 43270 13596
3000 44259 13706
3000 48814 13348
3000 53233 15702
3000 44936 13879
3000 45803 14102
3000 44216 12700
3000 54686 15445
3000 44945 14398
3000 46884 14660
3000 51192 14444
3000 57026 17110
3000 51693 13862
3000 48147 13668
3000 44656 13801
3000 47295 12396
3000 45392 14978
3000 46691 14495
3000 51704 14396
3000 46024 13578
3000 43097 13387
3000 49172 14244
3000 48446 14326
3000 54772 15151
3000 49015 14787
3000 44330 13508
3000 47056 13435
3000 48877 14367
3000 52101 12854
3000 42066 14409
3000 46424 13339
3000 49102 14638
3000 41183 13738
3000 49715 14450
3000 48338 14340
3000 44078 13251
3000 53806 13174
3000 50132 14709
3000 45911 14460
3000 49753 14529
3000 44205 13500
3000 54071 16288
3000 48204 14734
3000 46838 13195
3000 43846 13530
3000 43781 12986
3000 55367 14283
3000 45283 14186
3000 47083 13561
3000 50234 14973
3000 48373 12845
4000 67853 19844
4000 63943 18707
4000 67760 18822
4000 83884 21015
4000 58088 17988
4000 65637 19824
4000 74269 20441
4000 71679 21981
4000 59410 18356
4000 75144 20347
4000 77456 21252
4000 73205 19941
4000 61442 19844
4000 67291 19305
4000 59615 18580
4000 68110 19130
4000 65529 18726
4000 66830 19127
4000 62731 18708
4000 60798 18937
4000 61473 19315
4000 71939 19872
4000 68737 20179
4000 65545 18471
4000 60644 18002
4000 65163 17713
4000 62094 18043
4000 68238 20435
4000 60070 17978
4000 63331 17437
4000 65207 19573
4000 68332 18717
4000 60433 19208
4000 58735 19051
4000 59863 17848
4000 61599 18655
4000 63972 19301
4000 61388 18611
4000 66685 18216
4000 60751 18379
4000 71831 21016
4000 62924 18272
4000 63455 17525
4000 66670 20055
4000 60255 17612
4000 69430 21198
4000 64555 19106
4000 61785 19182
4000 64889 18317
4000 67773 19889
4000 58758 18933
4000 67491 19309
4000 64636 18499
4000 65704 19402
4000 63294 18984
4000 72160 19589
4000 60243 19425
4000 69481 21352
4000 69829 19591
4000 60165 17767
4000 68478 19392
4000 69773 20505
4000 61576 19298
4000 60924 18034
4000 64207 17857
4000 64041 19621
4000 78656 23186
4000 62417 19076
4000 61780 19529
4000 66942 18695
4000 58392 17551
4000 70748 20844
4000 68912 18948
4000 76682 21647
4000 58267 19325
4000 63951 18271
4000 63649 18115
4000 61196 18002
4000 68422 19132
4000 63660 17973
4000 65871 17613
4000 62427 17804
4000 76299 20658
4000 64520 17933
4000 65398 19058
4000 68706 19227
4000 63708 18085
4000 60223 19786
4000 69497 20413
4000 62321 18136
4000 63062 18061
4000 73703 19891
4000 69418 20501
4000 64035 18153
4000 64041 18013
4000 66309 19512
4000 61577 19022
4000 65507 20628
4000 60182 17592
4000 66385 19257
5000 86398 23688
5000 82910 25037
5000 78934 23594
5000 82107 24147
5000 81546 25322
5000 78374 23927
5000 77656 22822
5000 81649 23308
5000 83768 23531
5000 87092 23222
5000 88001 24469
5000 84530 24983
5000 84550 24888
5000 85957 25242
5000 78267 23122
5000 78425 23481
5000 93253 24217
5000 84793 26487
5000 85982 25930
5000 79725 24106
5000 89995 25393
5000 93223 24876
5000 84544 24506
5000 73032 23206
5000 75249 23663
5000 84865 23181
5000 93973 25919
5000 83484 25217
5000 83700 22593
5000 104385 29716
5000 76731 23477
5000 80856 23420
5000 94872 23252
5000 92575 27489
5000 78313 22498
5000 92081 25590
5000 89568 26381
5000 80749 22899
5000 89316 26064
5000 91147 27486
5000 85921 24758
5000 95464 27673
5000 83008 23408
5000 85351 24250
5000 86973 23113
5000 83753 23863
5000 81194 24960
5000 84482 24958
5000 94435 27588
5000 83230 25006
5000 79423 24114
5000 89636 24205
5000 81784 23357
5000 80435 25793
5000 80977 23244
5000 92155 23273
5000 84777 25377
5000 85954 25355
5000 91853 27169
5000 79961 25287
5000 83377 24899
5000 91419 25603
5000 82453 24780
5000 87946 26784
5000 89415 24232
5000 84337 24926
5000 86520 25448
5000 85040 24559
5000 86106 22727
5000 88882 28690
5000 81148 23090
5000 98954 26707
5000 82509 23099
5000 77859 23910
5000 82717 25233
5000 89957 24667
5000 85672 24841
5000 86724 24475
5000 81482 23956
5000 79180 25219
5000 87476 23622
5000 79895 24596
5000 80619 23462
5000 78104 23664
5000 87712 25284
5000 86751 23367
5000 81716 24233
5000 83488 25021
5000 89264 26318
5000 86705 25884
5000 89877 23265
5000 81534 24109
5000 79332 22974
5000 90760 27794
5000 75849 23641
5000 86558 27003
5000 93346 26372
5000 86438 23600
5000 80673 24526
5000 85050 23975
6000 104788 30326
6000 105979 29908
6000 104586 30245
6000 107144 31240
6000 96189 29368
6000 111561 29452
6000 100511 30235
6000 108733 29958
6000 109965 30888
6000 109784 33215
6000 104960 29371
6000 107916 29759
6000 108878 33338
6000 105343 29904
6000 105208 30207
6000 98892 30233
6000 100015 29186
6000 100083 28287
6000 98076 30300
6000 103030 32526
6000 103533 29462
6000 100438 27890
6000 102792 29651
6000 106219 28390
6000 104072 29856
6000 100588 27572
6000 113010 29740
6000 96711 28962
6000 101954 30744
6000 101315 29358
6000 105950 29462
6000 106990 30311
6000 113556 30026
6000 105010 31586
6000 99548 30467
6000 98878 30289
6000 97876 30357
6000 101206 28805
6000 108198 30263
6000 100730 32623
6000 99889 27838
6000 102128 28333
6000 99633 28731
6000 115865 31064
6000 113061 32479
6000 105718 28541
6000 107782 30295
6000 95518 29921
6000 119485 33821
6000 98675 31217
6000 106320 29876
6000 94047 29743
6000 96909 30491
6000 104719 30258
6000 108866 31342
6000 102546 29051
6000 112919 29588
6000 107867 31621
6000 104922 29277
6000 102304 31931
6000 101918 30669
6000 90600 30878
6000 106837 30335
6000 106345 29977
6000 109064 32404
6000 118366 31635
6000 107519 29444
6000 117642 32188
6000 111291 33280
6000 107441 29659
6000 105753 29113
6000 94474 28050
6000 103021 29003
6000 108127 31205
6000 95543 29756
6000 97652 29354
6000 103449 28355
6000 103986 30250
6000 107598 27419
6000 96503 30151
6000 103221 29656
6000 134853 36352
6000 98083 28263
6000 103606 29070
6000 98578 29497
6000 116682 32262
6000 105014 31052
6000 96719 28910
6000 103923 28241
6000 103821 27323
6000 106825 31321
6000 95555 29567
6000 100104 30205
6000 104531 31211
6000 102721 29180
6000 111583 32551
6000 102128 30778
6000 106931 31586
6000 98797 28857
6000 104337 29883
7000 123587 34689
7000 130754 35802
7000 117143 35060
7000 111229 33173
7000 116899 33832
7000 133940 38821
7000 117545 33885
7000 135864 38175
7000 119167 33872
7000 120436 37787
7000 126083 34160
7000 122523 38853
7000 120839 34289
7000 112173 34061
7000 140226 39851
7000 122684 36207
7000 122577 35894
7000 135409 39185
7000 119318 35454
7000 113695 36046
7000 134634 34407
7000 130102 39455
7000 112913 34553
7000 135040 35822
7000 117336 35239
7000 115574 36638
7000 115699 35340
7000 117653 32401
7000 127908 38086
7000 143629 43328
7000 129913 37996
7000 113548 35011
7000 133385 39231
7000 125005 38535
7000 119926 33347
7000 109640 33023
7000 120468 36913
7000 121057 37592
7000 123410 33450
7000 120719 34894
7000 118658 33159
7000 121318 33560
7000 145790 40175
7000 123474 34504
7000 114276 35944
7000 119071 37518
7000 120553 34356
7000 125607 35020
7000 123701 36945
7000 134343 37406
7000 120609 36042
7000 128211 34568
7000 122963 33959
7000 129376 36848
7000 111960 36240
7000 131202 34963
7000 143052 41976
7000 123226 36742
7000 120887 36076
7000 132531 33627
7000 150747 38663
7000 122984 34333
7000 124044 35750
7000 118967 35764
7000 119014 34717
7000 118369 34453
7000 131929 36299
7000 114298 33972
7000 109905 34750
7000 113603 33778
7000 117823 35715
7000 114278 33736
7000 127779 36060
7000 120941 37298
7000 125150 36868
7000 119680 36294
7000 132450 36537
7000 119218 35349
7000 137043 32133
7000 128437 36849
7000 134580 36290
7000 113587 34661
7000 124840 39280
7000 113833 33553
7000 123112 37268
7000 120873 37138
7000 119332 35637
7000 135694 40288
7000 130678 36670
7000 123318 35047
7000 112366 35016
7000 136999 34564
7000 120354 33890
7000 116798 35639
7000 134300 37731
7000 128577 36155
7000 128467 37999
7000 121640 37914
7000 118674 33921
7000 120248 32877
8000 167320 45004
8000 155215 42404
8000 151288 40116
8000 137830 41218
8000 161228 46030
8000 140215 41248
8000 137541 42224
8000 150325 43289
8000 140443 42236
8000 141418 41974
8000 173131 46069
8000 143845 42949
8000 132511 43107
8000 132585 38286
8000 145755 40695
8000 148765 38420
8000 145080 41222
8000 149784 39140
8000 148860 39767
8000 158360 40754
8000 143407 37479
8000 134015 41535
8000 146438 39531
8000 147964 43853
8000 153563 42644
8000 156342 41851
8000 168080 45437
8000 146125 41697
8000 133930 38685
8000 141381 40155
8000 148911 42070
8000 146138 39603
8000 147065 39710
8000 148736 40494
8000 140736 42466
8000 144782 39925
8000 140904 41479
8000 147952 41497
8000 172308 44613
8000 151067 40733
8000 139280 40937
8000 144992 41333
8000 135661 40003
8000 133881 40601
8000 136515 40106
8000 152617 39202
8000 152317 43900
8000 154633 44526
8000 140363 39411
8000 160989 46246
8000 142674 40034
8000 140075 37175
8000 139261 42572
8000 129471 42557
8000 151477 39493
8000 130244 40229
8000 137945 42211
8000 146140 43213
8000 159427 41784
8000 141619 43451
8000 144766 40691
8000 140333 41539
8000 142693 39463
8000 148956 42829
8000 144565 42627
8000 135163 38919
8000 138028 41116
8000 138061 39922
8000 146518 40515
8000 135560 38392
8000 161327 46691
8000 137464 39125
8000 153404 41192
8000 132475 38732
8000 134491 38969
8000 135649 40658
8000 142551 37917
8000 139009 42328
8000 166604 45301
8000 137551 40437
8000 134916 43120
8000 150171 41149
8000 145265 43292
8000 163078 43548
8000 151041 44493
8000 150945 42474
8000 142486 43978
8000 143026 39411
8000 140962 40459
8000 154391 39664
8000 143459 41559
8000 152232 40244
8000 153858 42126
8000 143822 40589
8000 152431 41992
8000 143136 39278
8000 148221 41978
8000 148555 41201
8000 132013 40149
8000 140879 42017
9000 168344 48922
9000 162832 45014
9000 185670 51850
9000 163615 48142
9000 165617 47216
9000 163764 43778
9000 150633 47830
9000 150938 48576
9000 163771 50870
9000 152937 46910
9000 172906 48463
9000 203524 57641
9000 164057 44292
9000 156708 45742
9000 169806 48932
9000 164213 45955
9000 176266 48869
9000 168255 46252
9000 165343 48230
9000 157064 45169
9000 164758 50015
9000 180460 51543
9000 170903 50882
9000 166951 49600
9000 154272 44146
9000 205324 52544
9000 160590 45042
9000 162416 46667
9000 170949 45305
9000 167624 46544
9000 166000 43909
9000 158569 46638
9000 164812 49036
9000 157362 45879
9000 163992 43821
9000 171405 47274
9000 176439 50980
9000 157619 46429
9000 162850 49616
9000 161662 47630
9000 160244 46146
9000 165839 50488
9000 182099 48781
9000 161252 44944
9000 168126 52069
9000 153249 44405
9000 164238 47451
9000 171738 47347
9000 147863 45866
9000 160416 46360
9000 178009 46484
9000 168179 48458
9000 149944 43150
9000 157088 46356
9000 144886 44035
9000 167002 46949
9000 184546 51376
9000 155777 43265
9000 155190 48022
9000 166842 48997
9000 171652 50572
9000 176567 45860
9000 185751 54195
9000 164341 47580
9000 191493 50506
9000 173957 49137
9000 168025 45168
9000 167214 44609
9000 154322 43661
9000 153361 45063
9000 175152 50016
9000 173504 48933
9000 180260 49361
9000 160569 46786
9000 161125 49672
9000 172112 44472
9000 162064 44146
9000 153059 45929
9000 164654 45121
9000 169019 45860
9000 165367 47887
9000 163414 47308
9000 177515 50751
9000 165932 48882
9000 150594 44819
9000 167766 46154
9000 159272 45303
9000 157362 45906
9000 158095 46295
9000 156930 44013
9000 169224 48225
9000 164110 45787
9000 163167 47766
9000 156013 44767
9000 150086 43739
9000 170711 48253
9000 157130 46591
9000 160118 46440
9000 200696 51708
9000 157847 46786
10000 181490 53011
10000 200877 60689
10000 188005 53006
10000 169798 50471
10000 204240 58587
10000 188915 54993
10000 187939 51616
10000 184682 53582
10000 175962 50491
10000 197504 55979
10000 199409 54548
10000 201686 55913
10000 189935 59057
10000 176660 51964
10000 180477 48774
10000 176428 51868
10000 188377 52443
10000 171908 51522
10000 185684 51731
10000 173356 52928
10000 182444 48665
10000 175884 49573
10000 215913 59167
10000 181634 51133
10000 171222 51442
10000 216966 63084
10000 210807 55470
10000 204814 55180
10000 183083 51862
10000 173864 49394
10000 171973 53943
10000 179626 50924
10000 169126 48934
10000 172033 51865
10000 187491 54623
10000 184114 55801
10000 197536 53645
10000 186137 52174
10000 174070 51625
10000 198180 53215
10000 176232 55704
10000 188643 51904
10000 167185 50720
10000 188272 56445
10000 191552 54334
10000 172674 53193
10000 180955 51341
10000 187753 52090
10000 194112 54593
10000 174876 50715
10000 175149 54429
10000 172460 51184
10000 175037 48595
10000 193886 52810
10000 198752 59501
10000 211237 59378
10000 182195 53558
10000 185854 54304
10000 185340 48044
10000 195689 51826
10000 175174 51545
10000 167604 51653
10000 191027 54465
10000 184379 49532
10000 170823 51405
10000 166628 48687
10000 168109 54215
10000 175034 48397
10000 194976 58211
10000 201035 58356
10000 203217 47688
10000 185102 51340
10000 184366 50015
10000 189694 53551
10000 202186 57970
10000 184036 52196
10000 188601 49845
10000 174065 51406
10000 189517 53029
10000 179935 53801
10000 184547 51679
10000 181835 50524
10000 176984 51260
10000 191317 52928
10000 186024 52756
10000 182098 54044
10000 183916 50103
10000 182254 51440
10000 183488 53086
10000 182824 51590
10000 186909 54481
10000 206785 52810
10000 188490 52747
10000 184679 50554
10000 192171 55818
10000 178148 52728
10000 195101 55006
10000 182351 50694
10000 211594 60633
10000 175770 56375
11000 212961 56712
11000 196609 59553
11000 204950 56464
11000 198922 58493
11000 193927 57615
11000 203066 57205
11000 197167 56378
11000 203876 62678
11000 189098 57566
11000 211138 60157
11000 192010 57744
11000 198277 60026
11000 186378 56684
11000 201847 56766
11000 221580 61448
11000 199100 58986
11000 207139 58365
11000 208613 56855
11000 203185 59018
11000 207346 59453
11000 201547 59535
11000 204013 56010
11000 211754 61746
11000 204570 61750
11000 224058 57367
11000 200494 57954
11000 202971 57553
11000 197947 62620
11000 220708 57232
11000 212247 62735
11000 195317 61830
11000 204745 59094
11000 230234 61819
11000 194325 58251
11000 211444 60241
11000 199889 55113
11000 204705 58902
11000 207463 64345
11000 205646 55580
11000 192991 57643
11000 195688 56200
11000 207574 60625
11000 202483 61591
11000 192095 56577
11000 204305 61378
11000 197805 60926
11000 215821 60962
11000 207492 54722
11000 191245 56784
11000 187714 58192
11000 195935 55774
11000 200693 55292
11000 197223 56203
11000 223878 57679
11000 202817 56615
11000 196141 58656
11000 215999 57765
11000 202769 57764
11000 200903 59355
11000 201664 58252
11000 202127 57375
11000 193359 57359
11000 202633 55114
11000 198079 56932
11000 212009 57085
11000 211460 61977
11000 226641 63993
11000 194252 59535
11000 201576 62750
11000 220546 61187
11000 202675 58966
11000 208159 62642
11000 204632 54563
11000 225237 64685
11000 203280 59525
11000 206206 57892
11000 190594 57464
11000 184644 58986
11000 224784 59002
11000 225955 63268
11000 208810 58393
11000 190439 57222
11000 219833 63332
11000 199958 54199
11000 195028 57106
11000 202198 56950
11000 187980 57422
11000 218082 56353
11000 201037 57808
11000 205551 58379
11000 201898 56406
11000 191701 57235
11000 214824 61734
11000 206783 57313
11000 197547 60476
11000 204253 58375
11000 197853 55253
11000 226390 67027
11000 203515 54930
11000 212084 60118
12000 213975 65049
12000 211230 63181
12000 227658 63124
12000 242096 69698
12000 220349 63035
12000 237257 63656
12000 227210 63652
12000 232365 70052
12000 219642 65483
12000 252690 73718
12000 224305 60229
12000 210381 63644
12000 255424 68880
12000 230499 66462
12000 229487 68211
12000 219303 63813
12000 223580 62718
12000 227392 69024
12000 224827 64723
12000 224834 66458
12000 231712 70873
12000 228452 63122
12000 217544 62041
12000 236189 62606
12000 215961 62240
12000 209479 66145
12000 238263 65863
12000 209739 67731
12000 231079 61346
12000 232989 63253
12000 210485 63562
12000 236674 67630
12000 213011 63259
12000 249992 70405
12000 215257 62993
12000 225020 63096
12000 233881 67394
12000 217470 61103
12000 230080 65968
12000 219737 63992
12000 223546 64331
12000 228480 61359
12000 289557 81485
12000 224376 63999
12000 232340 64837
12000 252075 69537
12000 215267 62260
12000 206418 64185
12000 231380 65838
12000 221472 64053
12000 217857 60259
12000 207292 61918
12000 236709 60058
12000 210483 62362
12000 233773 65373
12000 205824 61613
12000 223596 63128
12000 215583 63365
12000 217189 67595
12000 251200 71526
12000 212864 63161
12000 218036 63354
12000 231586 61023
12000 228073 62027
12000 223554 64270
12000 228276 71567
12000 254813 67157
12000 239211 68118
12000 219530 62555
12000 218513 63300
12000 230365 61045
12000 227788 60944
12000 231158 60815
12000 229868 60133
12000 239691 64056
12000 235462 66053
12000 247079 67348
12000 218683 67988
12000 230356 66289
12000 219645 66820
12000 228590 64372
12000 249441 71430
12000 250656 66855
12000 226162 65389
12000 215242 60741
12000 222433 61268
12000 230278 66485
12000 234882 66992
12000 232614 66146
12000 232032 67082
12000 242309 71328
12000 227440 65561
12000 238919 64309
12000 278196 76610
12000 219855 63163
12000 234761 63815
12000 226761 66458
12000 231976 64192
12000 244560 66617
12000 220997 65243
13000 242760 65479
13000 239053 65436
13000 227847 64380
13000 250634 72744
13000 251843 71280
13000 243942 67297
13000 259087 74534
13000 239944 69790
13000 259281 75769
13000 265699 70609
13000 240465 65887
13000 247231 73206
13000 243602 67808
13000 253730 71273
13000 269453 73114
13000 263727 71393
13000 238487 73613
13000 240645 67323
13000 246537 65946
13000 235844 67611
13000 244001 69504
13000 227929 70588
13000 238910 67668
13000 245889 72282
13000 260260 71851
13000 237197 70682
13000 229916 66533
13000 251740 67777
13000 251423 71534
13000 229079 69355
13000 230034 67786
13000 242358 63783
13000 237644 72621
13000 245559 68105
13000 244608 68361
13000 251903 69081
13000 246396 74307
13000 251212 66481
13000 254839 66875
13000 233096 68400
13000 253266 69797
13000 243025 68229
13000 233856 68231
13000 243883 67861
13000 272126 76380
13000 241681 70043
13000 247582 71307
13000 235565 67818
13000 246444 72239
13000 237137 70238
13000 252814 77397
13000 235780 69853
13000 230713 66664
13000 233499 66438
13000 241356 69326
13000 258058 73571
13000 242845 65699
13000 256938 74703
13000 304630 82051
13000 268614 69012
13000 235062 72041
13000 248024 68491
13000 273082 73083
13000 242703 71765
13000 228145 70825
13000 253612 67005
13000 259329 74659
13000 301513 85344
13000 235487 67255
13000 252201 73735
13000 242388 74116
13000 246326 71715
13000 217296 69887
13000 242127 74510
13000 247921 70657
13000 235515 65725
13000 278892 75220
13000 250571 68994
13000 245535 71377
13000 234590 68032
13000 259515 68385
13000 257390 74928
13000 239245 70790
13000 254035 73319
13000 250268 73078
13000 258655 74030
13000 255540 69170
13000 245453 71943
13000 233430 72027
13000 238463 72782
13000 264810 73451
13000 262286 76653
13000 242075 70230
13000 246782 68900
13000 248351 67227
13000 240323 69387
13000 249775 70941
13000 224988 66870
13000 253302 71744
13000 273986 73555
14000 294402 81741
14000 268544 77096
14000 270108 73252
14000 295877 83928
14000 253597 74345
14000 295778 79140
14000 261643 77334
14000 256457 73259
14000 254724 71660
14000 283624 79120
14000 248978 73458
14000 278878 77737
14000 249838 74055
14000 257307 75245
14000 300676 84116
14000 247394 77021
14000 268400 73624
14000 266823 74546
14000 255591 73537
14000 285986 74481
14000 249540 75800
14000 282371 77322
14000 277296 80965
14000 278405 76654
14000 304104 84031
14000 270895 73883
14000 264308 77866
14000 264361 75589
14000 261874 76549
14000 262209 74427
14000 265739 75677
14000 295793 80731
14000 266989 78207
14000 256706 74187
14000 267573 68687
14000 247442 76021
14000 284673 75001
14000 301414 80191
14000 276271 82839
14000 280366 72462
14000 274708 76340
14000 249775 76355
14000 316056 81778
14000 262717 75952
14000 269852 74485
14000 300231 80211
14000 273879 75836
14000 305002 78297
14000 280911 73794
14000 255589 75618
14000 279074 80641
14000 268290 80307
14000 270518 75297
14000 249787 78840
14000 280058 74324
14000 266318 74059
14000 261467 72895
14000 266400 75162
14000 257482 74715
14000 267894 78384
14000 263440 74161
14000 276898 81026
14000 312591 90114
14000 298560 83490
14000 281358 73827
14000 284948 75065
14000 261443 73618
14000 263653 73508
14000 281468 77355
14000 292054 79504
14000 266827 74587
14000 259248 74559
14000 263822 75951
14000 263553 75810
14000 281761 78961
14000 245455 76556
14000 261384 75784
14000 278911 79251
14000 256913 77657
14000 267899 76734
14000 254773 79675
14000 261083 70708
14000 266255 83198
14000 283895 83534
14000 325345 87308
14000 287810 77041
14000 304311 85408
14000 275000 75462
14000 262437 76455
14000 267602 78692
14000 265660 78203
14000 263960 76882
14000 265561 71499
14000 283818 78678
14000 271589 75015
14000 265609 76047
14000 275822 72598
14000 278552 70829
14000 270952 85524
14000 242223 72534
15000 285195 74619
15000 355837 102964
15000 314236 88784
15000 314015 89473
15000 279669 84476
15000 314963 87851
15000 303120 87545
15000 293573 78824
15000 306200 82051
15000 275979 81727
15000 320132 96038
15000 280019 83628
15000 306099 83511
15000 303761 81086
15000 305713 86578
15000 281178 77904
15000 280510 79329
15000 322595 86752
15000 281276 80286
15000 338483 91458
15000 281074 79715
15000 303229 86261
15000 288844 83591
15000 270180 81237
15000 266703 81410
15000 271174 78514
15000 280329 80875
15000 292913 77288
15000 292811 78078
15000 300833 82952
15000 272026 76251
15000 293992 85908
15000 291235 80327
15000 285411 83211
15000 286632 79643
15000 297266 82966
15000 293357 79396
15000 301077 86063
15000 273428 81964
15000 282486 80954
15000 271702 78026
15000 263545 78208
15000 267399 80872
15000 294352 79142
15000 308281 82782
15000 287434 88507
15000 267635 83795
15000 283146 81774
15000 273936 79815
15000 274069 82513
15000 277536 79468
15000 309851 82393
15000 329155 95097
15000 283498 85634
15000 303334 84236
15000 300310 82998
15000 291264 83363
15000 306164 89787
15000 278364 81834
15000 314217 86620
15000 341750 89077
15000 288104 80629
15000 316401 89304
15000 267722 83705
15000 273207 84854
15000 282355 79407
15000 295582 81471
15000 287337 80702
15000 304261 82875
15000 288202 85182
15000 303564 86918
15000 287877 84912
15000 325763 80536
15000 311920 77266
15000 291383 84609
15000 281660 81914
15000 320207 87705
15000 289958 88693
15000 272844 82619
15000 301536 85866
15000 280275 79726
15000 286908 80205
15000 275078 84457
15000 296168 83547
15000 275151 82952
15000 295826 84400
15000 298945 79788
15000 293723 80890
15000 269638 82189
15000 290962 83799
15000 274609 80078
15000 300220 85766
15000 289171 85400
15000 297450 80243
15000 273167 80487
15000 269896 79395
15000 293490 85126
15000 290433 86523
15000 327277 88893
15000 269452 85543
16000 329789 94535
16000 327877 94048
16000 285220 86198
16000 329664 96575
16000 324219 89512
16000 310317 84635
16000 303030 86939
16000 297234 86150
16000 310715 84151
16000 291462 86170
16000 289484 84991
16000 297949 85746
16000 322499 93678
16000 324568 97970
16000 311742 86541
16000 294633 81594
16000 311089 93314
16000 304140 91804
16000 342516 97830
16000 312557 89509
16000 325582 92942
16000 297022 89792
16000 334972 85189
16000 298131 87107
16000 320316 87562
16000 314105 97539
16000 290311 89079
16000 308780 85555
16000 286809 85246
16000 312534 90672
16000 314019 83845
16000 300976 85420
16000 318242 85407
16000 304573 87749
16000 337906 95028
16000 329212 87870
16000 319438 90011
16000 315075 82756
16000 316274 92768
16000 307933 88756
16000 315039 85179
16000 313903 88108
16000 333596 93703
16000 300518 92452
16000 293738 85221
16000 294642 86963
16000 291640 85230
16000 332916 89875
16000 303222 94134
16000 292158 82553
16000 321485 91276
16000 309429 81791
16000 309908 88394
16000 305442 87204
16000 316512 93834
16000 321579 84871
16000 358991 99466
16000 365299 99151
16000 308719 87058
16000 337328 90024
16000 341701 89368
16000 341295 97882
16000 298376 86532
16000 320557 86351
16000 314060 84826
16000 293866 87032
16000 337639 87389
16000 337811 91946
16000 312177 85246
16000 336062 90214
16000 314127 92007
16000 293776 82995
16000 304870 85472
16000 300721 86011
16000 301093 85884
16000 356095 95615
16000 276660 89284
16000 341094 91952
16000 340958 94641
16000 280398 87232
16000 305367 86270
16000 304006 88530
16000 313056 86197
16000 290503 85459
16000 333238 92114
16000 282566 88300
16000 320918 91091
16000 320794 91704
16000 292929 92568
16000 313525 87393
16000 286591 88447
16000 301973 89028
16000 336254 94119
16000 290525 89597
16000 294296 88368
16000 323090 94085
16000 300601 88143
16000 295529 87234
16000 301087 91236
16000 323851 90138
17000 320963 100275
17000 358225 104191
17000 342821 94305
17000 315957 87847
17000 316604 93278
17000 391203 103110
17000 397546 106806
17000 318432 92030
17000 354479 97582
17000 332671 91311
17000 363926 96222
17000 333567 94498
17000 330159 96241
17000 339971 98160
17000 359264 101431
17000 309696 95542
17000 329148 88571
17000 319294 92456
17000 317770 94081
17000 402164 105458
17000 334826 97943
17000 344136 92357
17000 348615 93174
17000 350933 93942
17000 339018 94588
17000 378867 108180
17000 361980 100650
17000 338729 96810
17000 319772 91014
17000 352865 100310
17000 361902 95545
17000 310496 91870
17000 337437 99835
17000 376771 102894
17000 348794 97620
17000 348696 98039
17000 354765 99564
17000 314642 96762
17000 341716 94091
17000 369711 107044
17000 322405 95729
17000 342640 98038
17000 323380 93992
17000 362440 94757
17000 331881 101791
17000 348436 102561
17000 357198 89942
17000 321424 91764
17000 304217 96569
17000 376930 91699
17000 389567 109766
17000 337207 96656
17000 341429 93123
17000 373522 100889
17000 336957 95742
17000 360086 95930
17000 371860 92649
17000 323042 95027
17000 333860 93819
17000 316098 92470
17000 338544 97687
17000 355455 95336
17000 313509 93211
17000 343063 100567
17000 306183 95878
17000 322394 94258
17000 332859 95625
17000 324513 91492
17000 334370 98312
17000 380006 113366
17000 357044 92656
17000 316183 91275
17000 338145 95276
17000 322497 90646
17000 337439 99179
17000 350338 104082
17000 368701 98131
17000 319159 92039
17000 336184 94240
17000 336487 92099
17000 354480 90832
17000 329222 93882
17000 320355 96136
17000 348409 94754
17000 316928 97647
17000 367014 96232
17000 310214 86425
17000 327107 97325
17000 340621 89388
17000 359729 104556
17000 384144 109648
17000 330331 93654
17000 337234 93099
17000 316580 89772
17000 340315 92029
17000 348012 98043
17000 338548 97256
17000 345425 92720
17000 314706 91022
17000 332926 95330
18000 364420 97999
18000 328982 102385
18000 349799 102950
18000 328894 102410
18000 338496 95664
18000 362674 99238
18000 365929 96652
18000 365114 108298
18000 357019 102818
18000 352013 98763
18000 405410 108721
18000 348267 96820
18000 343951 94380
18000 377262 92766
18000 378979 96909
18000 351849 99451
18000 339250 101037
18000 349846 104052
18000 344743 99331
18000 320114 97411
18000 337612 99821
18000 344409 99203
18000 335257 98959
18000 363418 98474
18000 339420 101484
18000 387961 106122
18000 339633 100392
18000 344532 102781
18000 405079 104540
18000 370261 101014
18000 364044 105078
18000 344100 96807
18000 354603 94737
18000 351231 96876
18000 338316 95404
18000 370588 103673
18000 348301 101363
18000 356366 101377
18000 372111 98259
18000 375061 103624
18000 333579 98612
18000 384827 106923
18000 384719 100420
18000 347709 96830
18000 346743 102229
18000 341145 105533
18000 338811 95134
18000 344873 103100
18000 336515 99368
18000 387560 107029
18000 367031 104157
18000 386991 108658
18000 358177 103663
18000 342047 100569
18000 364320 105358
18000 330867 96196
18000 336781 105271
18000 337385 103660
18000 360842 100188
18000 387888 99788
18000 379917 103692
18000 350735 98545
18000 363069 100400
18000 467873 128210
18000 344837 94971
18000 352366 96282
18000 394680 113938
18000 350461 96396
18000 364041 99701
18000 346620 96430
18000 437718 114602
18000 341761 100125
18000 366717 106976
18000 366637 99073
18000 347368 103151
18000 333986 99810
18000 341811 98704
18000 369145 95501
18000 357038 99432
18000 361298 97230
18000 345521 103874
18000 369059 101322
18000 359581 95896
18000 337907 104712
18000 351694 101640
18000 367976 99529
18000 333758 98286
18000 407609 112676
18000 361582 108907
18000 389244 101227
18000 339116 100652
18000 327344 99838
18000 349462 103572
18000 391910 106960
18000 382893 95028
18000 341796 101543
18000 351567 101466
18000 335371 102694
18000 374868 106831
18000 412358 107918
19000 375394 101814
19000 370075 106767
19000 367585 103164
19000 383178 111152
19000 353999 107837
19000 388498 112500
19000 405264 104715
19000 412146 117456
19000 382925 114574
19000 349540 105211
19000 425950 113523
19000 352277 104737
19000 400742 110044
19000 397791 111564
19000 349021 103814
19000 401997 115026
19000 381591 109332
19000 388846 104991
19000 378133 111159
19000 379509 107318
19000 404199 109677
19000 385621 107719
19000 373582 105005
19000 383793 114041
19000 423420 117735
19000 364023 102076
19000 357323 101974
19000 408113 113488
19000 389720 118146
19000 430660 126113
19000 395443 112840
19000 362739 106985
19000 346314 99641
19000 377640 111806
19000 379591 108318
19000 373247 100927
19000 365962 109587
19000 355666 100368
19000 379377 109978
19000 378127 104410
19000 358878 103627
19000 380730 107087
19000 375652 106790
19000 398229 105653
19000 373090 102150
19000 377906 103390
19000 365057 103181
19000 394911 103368
19000 362890 110956
19000 372142 102294
19000 405557 108009
19000 387602 111451
19000 377020 105200
19000 377043 109630
19000 405608 117175
19000 376770 108785
19000 379670 108323
19000 377532 102676
19000 373948 104112
19000 390135 108675
19000 347632 104703
19000 370199 99996
19000 397980 106892
19000 362118 109486
19000 422289 125330
19000 404401 110544
19000 428718 114526
19000 355198 105493
19000 394783 104783
19000 377058 106895
19000 374466 106603
19000 365061 99120
19000 383468 110282
19000 367370 107851
19000 390817 109077
19000 410296 114960
19000 399089 110353
19000 358382 101618
19000 366080 105177
19000 369217 103050
19000 417579 124399
19000 376608 102459
19000 403418 110314
19000 370891 105504
19000 373371 107430
19000 361514 108722
19000 376261 108432
19000 371972 103815
19000 411836 114182
19000 391706 113984
19000 415261 116259
19000 355692 104253
19000 376182 103903
19000 359699 105548
19000 365292 104141
19000 427207 118445
19000 391163 110524
19000 413677 118886
19000 356881 106468
19000 379590 107211
20000 408810 108464
20000 402199 115375
20000 403101 115503
20000 419909 114375
20000 413572 105134
20000 402067 109426
20000 413231 116185
20000 403537 114271
20000 389232 116298
20000 409497 110578
20000 420417 114365
20000 386618 109388
20000 390890 104134
20000 401400 119585
20000 392748 113413
20000 404764 112873
20000 404207 116749
20000 393098 109300
20000 389782 109661
20000 364478 114648
20000 368064 108697
20000 426412 120006
20000 417193 113893
20000 411326 118750
20000 394919 111082
20000 407761 114359
20000 434979 115213
20000 402800 107608
20000 405805 107761
20000 441175 120730
20000 380790 109402
20000 448050 123528
20000 403641 117487
20000 379094 109880
20000 422859 124527
20000 463949 124836
20000 373752 109393
20000 460394 128230
20000 410558 114083
20000 388683 108805
20000 389135 107085
20000 487153 127408
20000 433533 126480
20000 404735 112143
20000 375572 112104
20000 409020 110656
20000 394287 114367
20000 393759 113576
20000 371236 111014
20000 402027 110895
20000 387840 112352
20000 367382 109310
20000 383118 109730
20000 387579 121296
20000 379041 112467
20000 391240 111651
20000 396658 108054
20000 390275 111044
20000 418667 115903
20000 427091 116165
20000 396604 112021
20000 476920 127872
20000 420448 115227
20000 392191 112308
20000 406567 113930
20000 392430 106540
20000 382304 113031
20000 380373 104146
20000 374540 110155
20000 444149 123046
20000 397922 113371
20000 408712 110618
20000 391534 115710
20000 416420 106298
20000 393092 106941
20000 386473 109511
20000 383389 110974
20000 383948 111392
20000 384760 106526
20000 415293 118112
20000 444872 115218
20000 420560 114455
20000 401258 111991
20000 417163 120361
20000 400524 117450
20000 398161 116507
20000 392998 118254
20000 415477 126001
20000 415533 111230
20000 394899 111900
20000 408278 110525
20000 382934 107139
20000 401896 112189
20000 385357 104458
20000 398101 114707
20000 420843 114667
20000 391589 114017
20000 378274 115699
20000 412723 112324
20000 390287 112472
