10 29 10
10 32 14
10 44 25
10 25 8
10 29 12
10 33 15
10 33 14
10 31 14
10 29 12
10 35 17
10 33 14
10 27 10
10 31 14
10 25 7
10 36 17
10 36 17
10 34 17
10 26 8
10 27 9
10 27 11
10 31 15
10 27 11
10 31 13
10 25 8
10 27 9
10 39 20
10 27 9
10 24 7
10 39 20
10 36 18
10 24 7
10 34 16
10 30 14
10 27 10
10 37 18
10 36 19
10 28 11
10 25 9
10 30 12
10 29 13
10 28 11
10 27 10
10 40 21
10 27 10
10 24 6
10 31 13
10 31 14
10 33 15
10 27 11
10 36 18
10 29 11
10 30 12
10 29 11
10 26 7
10 24 6
10 33 15
10 32 14
10 29 12
10 39 21
10 31 12
10 31 15
10 35 17
10 27 10
10 29 12
10 37 19
10 29 12
10 31 14
10 29 11
10 34 16
10 25 8
10 26 9
10 31 15
10 23 6
10 37 19
10 29 12
10 33 15
10 32 14
10 31 13
10 30 11
10 24 8
10 39 21
10 36 18
10 38 20
10 30 13
10 29 11
10 32 14
10 34 15
10 21 4
10 24 6
10 36 17
10 31 13
10 35 17
10 36 17
10 32 14
10 33 16
10 27 9
10 36 18
10 26 9
10 32 15
10 29 12
20 101 67
20 105 67
20 88 52
20 120 66
20 106 52
20 82 46
20 103 33
20 79 42
20 95 58
20 94 42
20 76 40
20 79 45
20 88 52
20 78 42
20 81 47
20 107 72
20 107 71
20 125 71
20 118 82
20 80 45
20 80 46
20 81 46
20 99 63
20 81 45
20 74 41
20 91 39
20 91 55
20 114 43
20 98 62
20 109 55
20 85 50
20 104 68
20 74 40
20 114 76
20 92 56
20 80 43
20 82 33
20 88 51
20 74 39
20 111 57
20 71 36
20 85 48
20 73 38
20 100 48
20 107 71
20 67 33
20 90 55
20 79 45
20 93 57
20 95 59
20 84 48
20 103 67
20 88 33
20 80 31
20 87 53
20 85 49
20 111 74
20 123 87
20 81 47
20 81 46
20 95 59
20 114 78
20 82 47
20 110 73
20 66 31
20 87 51
20 90 39
20 101 32
20 119 84
20 80 47
20 83 33
20 86 51
20 89 55
20 85 50
20 117 45
20 80 44
20 123 87
20 89 37
20 79 46
20 106 53
20 92 40
20 91 55
20 112 76
20 82 48
20 91 57
20 82 47
20 91 56
20 111 75
20 106 71
20 101 65
20 94 58
20 87 54
20 91 55
20 96 60
20 84 49
20 90 55
20 87 51
20 86 52
20 82 46
20 96 62
30 173 60
30 139 74
30 161 92
30 133 67
30 204 105
30 152 82
30 138 86
30 171 92
30 155 42
30 169 50
30 147 83
30 165 97
30 180 87
30 174 122
30 148 81
30 170 76
30 175 101
30 172 82
30 163 94
30 139 66
30 180 79
30 196 104
30 161 88
30 151 62
30 166 100
30 141 72
30 152 74
30 141 73
30 148 56
30 163 74
30 136 67
30 160 94
30 114 43
30 181 92
30 167 48
30 156 88
30 123 55
30 162 108
30 163 60
30 178 60
30 143 79
30 189 101
30 139 71
30 149 63
30 150 79
30 133 65
30 198 44
30 134 65
30 140 66
30 153 102
30 162 87
30 156 105
30 179 60
30 198 77
30 171 121
30 176 99
30 141 73
30 131 66
30 163 92
30 148 80
30 191 95
30 143 69
30 147 79
30 138 70
30 198 101
30 138 68
30 174 75
30 207 72
30 153 79
30 164 92
30 159 106
30 160 91
30 150 82
30 147 75
30 170 91
30 173 73
30 161 68
30 152 63
30 184 85
30 161 61
30 163 53
30 144 73
30 157 66
30 138 68
30 152 79
30 181 61
30 150 72
30 182 88
30 181 91
30 170 100
30 153 84
30 161 108
30 149 62
30 160 67
30 142 73
30 139 73
30 185 92
30 161 87
30 213 98
30 126 74
40 244 133
40 217 117
40 285 112
40 223 120
40 234 140
40 199 100
40 207 78
40 222 101
40 230 88
40 246 117
40 232 112
40 248 132
40 250 94
40 245 110
40 232 101
40 257 115
40 204 98
40 258 145
40 261 111
40 236 115
40 254 127
40 231 129
40 206 116
40 221 131
40 194 91
40 234 128
40 256 109
40 228 117
40 237 97
40 222 99
40 237 94
40 264 127
40 205 81
40 214 108
40 245 87
40 262 138
40 218 115
40 241 83
40 222 125
40 222 104
40 207 104
40 231 117
40 274 126
40 222 99
40 210 107
40 244 129
40 247 155
40 242 107
40 212 101
40 202 114
40 261 149
40 215 96
40 229 111
40 241 112
40 230 98
40 223 104
40 259 91
40 209 90
40 269 119
40 260 107
40 199 77
40 250 117
40 216 81
40 259 126
40 213 73
40 242 115
40 211 118
40 228 118
40 240 144
40 218 106
40 218 128
40 219 86
40 237 105
40 247 128
40 228 111
40 217 108
40 224 92
40 228 113
40 240 102
40 219 95
40 222 131
40 249 154
40 225 101
40 205 105
40 255 131
40 247 101
40 225 108
40 226 123
40 213 112
40 222 109
40 197 90
40 295 109
40 239 125
40 230 140
40 250 114
40 232 131
40 231 122
40 251 109
40 249 93
40 270 89
50 293 150
50 349 179
50 331 136
50 320 150
50 312 172
50 367 154
50 321 148
50 333 107
50 328 120
50 330 117
50 269 100
50 340 144
50 313 131
50 324 137
50 310 106
50 294 114
50 274 114
50 316 137
50 330 138
50 339 131
50 328 117
50 305 162
50 367 123
50 313 167
50 301 123
50 274 126
50 342 129
50 300 158
50 347 136
50 302 124
50 303 173
50 277 99
50 312 140
50 281 155
50 284 140
50 327 130
50 288 153
50 266 140
50 314 138
50 304 166
50 340 115
50 294 147
50 313 137
50 278 118
50 345 139
50 279 137
50 319 117
50 325 138
50 283 127
50 403 153
50 319 134
50 316 183
50 296 110
50 355 159
50 297 134
50 335 182
50 380 193
50 308 160
50 332 111
50 357 131
50 320 135
50 320 177
50 322 140
50 294 131
50 396 128
50 388 115
50 297 147
50 323 122
50 306 159
50 294 121
50 303 128
50 376 127
50 347 142
50 307 144
50 331 141
50 320 141
50 314 125
50 308 125
50 320 150
50 280 131
50 295 114
50 281 115
50 294 128
50 289 127
50 311 158
50 389 143
50 317 165
50 313 163
50 312 105
50 305 115
50 322 155
50 310 146
50 278 150
50 271 111
50 352 157
50 368 115
50 273 117
50 298 159
50 306 141
50 331 158
60 334 138
60 460 219
60 464 185
60 406 155
60 392 196
60 341 154
60 448 153
60 484 142
60 427 164
60 402 170
60 456 169
60 378 189
60 390 172
60 414 161
60 419 172
60 489 153
60 431 177
60 360 135
60 419 136
60 386 169
60 415 180
60 356 165
60 350 193
60 520 183
60 467 188
60 362 174
60 405 201
60 412 193
60 409 169
60 524 185
60 376 132
60 443 167
60 421 187
60 352 160
60 430 174
60 337 169
60 389 192
60 472 178
60 445 186
60 360 162
60 465 207
60 356 170
60 372 205
60 420 148
60 403 202
60 361 172
60 359 152
60 367 155
60 430 203
60 453 195
60 349 130
60 359 155
60 410 190
60 392 180
60 397 183
60 370 154
60 376 160
60 386 169
60 419 167
60 406 160
60 371 178
60 369 158
60 389 205
60 364 170
60 364 158
60 473 165
60 377 181
60 434 138
60 403 144
60 369 154
60 324 155
60 382 172
60 374 160
60 608 174
60 432 202
60 390 176
60 388 152
60 487 120
60 375 182
60 405 165
60 441 216
60 427 205
60 358 150
60 408 176
60 366 164
60 420 180
60 346 149
60 388 160
60 415 214
60 351 185
60 402 175
60 385 154
60 446 174
60 366 154
60 362 160
60 376 166
60 390 198
60 365 180
60 364 143
60 391 180
70 505 219
70 503 197
70 482 198
70 471 180
70 463 209
70 525 245
70 385 162
70 424 192
70 520 250
70 485 198
70 424 169
70 522 180
70 506 197
70 459 213
70 537 202
70 537 231
70 536 196
70 458 194
70 486 193
70 521 212
70 469 197
70 462 221
70 568 216
70 413 171
70 440 205
70 500 231
70 483 202
70 516 208
70 509 198
70 502 228
70 468 221
70 472 236
70 470 208
70 444 219
70 521 225
70 523 177
70 497 251
70 578 147
70 468 256
70 490 206
70 425 172
70 538 220
70 465 201
70 464 203
70 474 218
70 467 209
70 589 169
70 495 212
70 484 201
70 462 214
70 476 221
70 453 234
70 456 207
70 498 205
70 512 203
70 444 177
70 651 179
70 482 207
70 463 226
70 446 188
70 571 177
70 476 241
70 492 263
70 467 184
70 511 232
70 461 226
70 502 177
70 476 204
70 529 206
70 506 185
70 459 221
70 612 184
70 545 211
70 463 205
70 439 201
70 482 199
70 585 186
70 533 221
70 430 211
70 495 222
70 588 182
70 489 203
70 508 203
70 429 177
70 476 219
70 467 194
70 455 196
70 495 181
70 480 253
70 491 177
70 502 220
70 486 232
70 524 206
70 515 252
70 475 218
70 599 205
70 477 229
70 453 217
70 569 190
70 448 173
80 604 265
80 648 262
80 623 220
80 599 222
80 608 256
80 511 231
80 584 317
80 512 196
80 562 232
80 591 264
80 522 236
80 566 269
80 536 214
80 550 241
80 594 207
80 654 232
80 513 232
80 611 280
80 554 226
80 547 260
80 606 260
80 606 260
80 600 234
80 550 262
80 605 249
80 724 221
80 637 226
80 518 250
80 524 237
80 540 270
80 558 232
80 588 257
80 616 244
80 554 232
80 536 257
80 559 249
80 591 262
80 609 285
80 619 261
80 633 231
80 506 216
80 568 272
80 515 224
80 542 275
80 559 220
80 535 214
80 550 248
80 524 207
80 754 213
80 553 287
80 570 205
80 622 240
80 634 268
80 583 244
80 526 213
80 558 264
80 534 249
80 772 249
80 543 292
80 592 249
80 695 249
80 579 276
80 553 271
80 699 227
80 565 241
80 580 217
80 576 302
80 642 243
80 594 230
80 574 202
80 704 217
80 615 246
80 606 221
80 680 215
80 539 270
80 627 232
80 565 268
80 543 237
80 541 205
80 584 240
80 544 221
80 588 256
80 543 231
80 536 200
80 560 247
80 606 282
80 592 238
80 622 252
80 567 251
80 566 302
80 552 233
80 581 245
80 536 208
80 627 225
80 610 188
80 654 211
80 575 218
80 514 256
80 616 235
80 613 237
90 655 316
90 635 278
90 697 254
90 638 264
90 624 253
90 681 268
90 690 280
90 728 314
90 727 254
90 673 263
90 639 261
90 603 282
90 677 260
90 698 289
90 668 300
90 715 261
90 608 250
90 726 361
90 665 253
90 600 300
90 785 298
90 637 292
90 637 290
90 611 243
90 839 278
90 624 232
90 775 291
90 745 296
90 787 307
90 627 246
90 650 277
90 672 282
90 705 245
90 801 251
90 644 302
90 689 230
90 601 286
90 793 251
90 782 238
90 663 236
90 717 263
90 748 266
90 695 316
90 756 246
90 682 276
90 653 298
90 726 257
90 675 230
90 679 287
90 581 251
90 668 294
90 680 261
90 607 231
90 676 302
90 760 264
90 676 318
90 630 277
90 718 287
90 709 300
90 734 289
90 701 330
90 678 284
90 638 268
90 613 263
90 662 275
90 564 239
90 625 272
90 670 261
90 693 321
90 607 247
90 629 304
90 676 294
90 651 286
90 599 263
90 648 274
90 769 304
90 629 335
90 736 242
90 754 250
90 639 298
90 650 264
90 692 249
90 748 292
90 638 273
90 682 270
90 664 284
90 665 291
90 753 245
90 681 304
90 689 259
90 683 305
90 658 295
90 623 271
90 714 312
90 719 268
90 672 254
90 647 268
90 662 284
90 727 308
90 637 303
100 739 287
100 847 269
100 729 319
100 741 300
100 727 278
100 681 293
100 773 317
100 781 282
100 753 286
100 708 313
100 781 322
100 702 299
100 719 341
100 697 226
100 754 276
100 709 295
100 850 295
100 763 305
100 742 367
100 727 302
100 746 332
100 686 332
100 877 303
100 731 310
100 698 326
100 840 308
100 777 251
100 800 245
100 702 302
100 944 309
100 708 335
100 816 303
100 926 328
100 754 315
100 722 306
100 809 303
100 785 301
100 715 318
100 733 304
100 772 303
100 707 300
100 856 304
100 715 281
100 773 270
100 859 310
100 720 342
100 727 312
100 797 310
100 758 309
100 768 333
100 834 335
100 686 279
100 894 369
100 884 295
100 808 287
100 750 328
100 762 305
100 753 305
100 788 279
100 811 332
100 801 285
100 882 308
100 754 313
100 743 306
100 838 312
100 780 323
100 814 309
100 693 285
100 721 338
100 712 313
100 813 282
100 724 332
100 766 259
100 865 308
100 774 281
100 787 317
100 845 334
100 749 291
100 772 344
100 744 277
100 813 325
100 838 317
100 730 341
100 834 357
100 718 323
100 781 337
100 754 312
100 773 315
100 779 316
100 713 340
100 662 236
100 773 329
100 753 277
100 853 295
100 709 288
100 802 302
100 777 289
100 730 295
100 780 244
100 670 307
110 838 395
110 817 353
110 868 398
110 834 367
110 860 364
110 876 362
110 832 334
110 860 377
110 861 334
110 785 322
110 787 367
110 903 363
110 940 293
110 809 366
110 936 347
110 904 373
110 864 317
110 775 364
110 812 343
110 783 339
110 827 375
110 892 313
110 805 365
110 838 367
110 860 301
110 851 338
110 879 323
110 920 323
110 944 300
110 907 343
110 824 384
110 830 331
110 902 389
110 996 311
110 762 345
110 766 330
110 845 350
110 777 341
110 1014 368
110 799 309
110 1021 323
110 865 352
110 955 331
110 818 341
110 905 399
110 830 289
110 819 341
110 801 350
110 903 356
110 906 349
110 828 345
110 947 359
110 895 365
110 802 371
110 813 387
110 854 379
110 890 306
110 802 342
110 835 362
110 775 324
110 964 397
110 861 299
110 864 376
110 861 366
110 884 350
110 882 363
110 958 385
110 806 293
110 831 344
110 892 302
110 1235 383
110 781 314
110 935 371
110 927 338
110 906 359
110 834 380
110 858 376
110 881 329
110 851 363
110 858 368
110 852 328
110 841 372
110 806 350
110 861 337
110 806 340
110 870 331
110 840 358
110 895 359
110 767 373
110 958 311
110 812 288
110 886 350
110 907 344
110 873 342
110 952 317
110 793 311
110 854 335
110 1002 312
110 778 349
110 806 337
120 981 392
120 1013 305
120 972 391
120 989 309
120 935 337
120 1088 344
120 900 341
120 1211 386
120 940 339
120 942 359
120 1146 388
120 915 348
120 961 411
120 846 349
120 868 395
120 900 359
120 934 391
120 906 376
120 888 347
120 930 397
120 1040 413
120 956 300
120 973 379
120 861 395
120 989 307
120 1027 392
120 1109 341
120 886 397
120 881 349
120 923 391
120 954 408
120 972 375
120 858 319
120 1063 381
120 1061 381
120 944 422
120 902 364
120 923 328
120 955 387
120 956 358
120 952 400
120 982 361
120 920 437
120 915 356
120 932 401
120 1037 366
120 843 322
120 916 334
120 1002 387
120 942 362
120 938 408
120 1030 349
120 965 382
120 907 374
120 1004 310
120 989 437
120 1023 374
120 937 357
120 933 353
120 1103 366
120 968 394
120 888 373
120 950 367
120 953 331
120 1100 340
120 1006 376
120 963 343
120 1053 426
120 1000 413
120 908 383
120 987 365
120 1039 393
120 986 365
120 977 348
120 868 321
120 915 403
120 1028 384
120 960 362
120 953 331
120 915 330
120 973 404
120 917 325
120 1117 394
120 1062 342
120 990 376
120 915 351
120 1081 393
120 982 391
120 1026 374
120 1064 377
120 1073 411
120 987 415
120 974 347
120 992 399
120 1188 317
120 901 373
120 996 360
120 1017 389
120 1179 350
120 1091 427
130 1086 449
130 1162 427
130 1026 423
130 1178 471
130 1106 420
130 1079 387
130 978 476
130 1040 398
130 1100 462
130 1302 535
130 1039 438
130 1010 372
130 1013 365
130 1082 469
130 1111 432
130 1047 393
130 946 396
130 1102 393
130 1080 497
130 1055 429
130 1026 406
130 1193 435
130 1202 379
130 1132 406
130 1005 406
130 1153 356
130 1028 472
130 1106 440
130 1161 442
130 1011 430
130 955 424
130 1161 408
130 1072 399
130 1109 411
130 1018 426
130 1011 411
130 1104 427
130 1049 433
130 1034 404
130 1042 470
130 1072 363
130 1105 389
130 1096 395
130 1101 471
130 1111 377
130 1129 475
130 980 392
130 1045 367
130 1110 404
130 1163 454
130 1123 363
130 1171 386
130 1021 391
130 1139 433
130 1061 384
130 1032 473
130 1118 405
130 1075 470
130 1011 409
130 990 380
130 1007 340
130 1120 386
130 1033 400
130 1046 413
130 1059 401
130 1108 442
130 1182 413
130 1182 481
130 996 435
130 1137 439
130 1166 421
130 1214 446
130 1010 385
130 1157 405
130 1090 431
130 996 384
130 1016 390
130 1147 446
130 1057 403
130 1191 397
130 1084 441
130 1205 390
130 1043 414
130 1036 397
130 1055 428
130 1135 472
130 1093 364
130 1040 422
130 1136 430
130 1025 475
130 1045 391
130 1051 488
130 1113 472
130 1112 409
130 1083 462
130 1057 418
130 1015 388
130 1065 372
130 1077 382
130 1039 474
140 1148 446
140 1072 462
140 1174 434
140 1133 449
140 1165 471
140 1236 464
140 1235 442
140 1219 495
140 1071 482
140 1247 490
140 1192 403
140 1136 460
140 1063 478
140 1195 402
140 1195 444
140 1205 443
140 1202 480
140 1080 481
140 1141 447
140 1268 495
140 1130 463
140 1078 468
140 1264 414
140 1294 453
140 1232 467
140 1174 469
140 1332 463
140 1224 422
140 1178 500
140 1274 507
140 1074 434
140 1209 473
140 1111 385
140 1270 451
140 1088 426
140 1100 424
140 1150 423
140 1124 459
140 1175 439
140 1171 436
140 1098 446
140 1120 523
140 1036 429
140 1074 407
140 1269 470
140 1233 441
140 1203 371
140 1084 497
140 1125 450
140 1229 443
140 1105 446
140 1183 476
140 1200 490
140 1244 417
140 1152 459
140 1127 417
140 1402 466
140 1167 497
140 1246 452
140 1213 380
140 1131 472
140 1167 441
140 1022 391
140 1243 469
140 1262 391
140 1087 468
140 1141 428
140 1271 458
140 1053 422
140 1136 393
140 1083 470
140 1303 454
140 1247 553
140 1131 441
140 1574 415
140 1085 439
140 1089 421
140 1310 415
140 1170 458
140 1351 436
140 1090 404
140 1111 423
140 1182 469
140 1247 384
140 1106 422
140 1171 428
140 1105 455
140 1193 456
140 1246 415
140 1162 448
140 1127 421
140 1086 435
140 1065 444
140 1051 391
140 1095 458
140 1273 444
140 1262 419
140 1189 413
140 1141 380
140 1284 381
150 1407 564
150 1150 461
150 1213 531
150 1206 466
150 1286 461
150 1230 426
150 1296 493
150 1227 443
150 1406 492
150 1248 489
150 1245 462
150 1362 466
150 1201 458
150 1310 438
150 1368 450
150 1281 469
150 1266 514
150 1235 479
150 1327 504
150 1287 490
150 1431 480
150 1285 482
150 1259 515
150 1171 465
150 1184 489
150 1269 532
150 1232 525
150 1191 459
150 1202 524
150 1266 504
150 1457 493
150 1182 448
150 1252 475
150 1252 493
150 1252 484
150 1259 525
150 1433 514
150 1293 528
150 1348 469
150 1204 539
150 1295 474
150 1254 458
150 1147 502
150 1196 443
150 1255 528
150 1370 402
150 1307 498
150 1402 456
150 1649 494
150 1193 484
150 1351 533
150 1527 542
150 1380 521
150 1227 540
150 1217 431
150 1270 426
150 1238 501
150 1277 480
150 1391 381
150 1254 493
150 1215 435
150 1239 541
150 1321 428
150 1263 484
150 1177 516
150 1312 506
150 1337 402
150 1161 472
150 1412 484
150 1387 473
150 1422 496
150 1548 484
150 1131 449
150 1272 428
150 1370 468
150 1234 479
150 1314 490
150 1361 499
150 1343 529
150 1198 505
150 1263 465
150 1343 504
150 1198 526
150 1259 452
150 1363 529
150 1345 456
150 1215 428
150 1286 453
150 1247 506
150 1432 457
150 1234 508
150 1223 517
150 1222 495
150 1284 461
150 1218 492
150 1265 484
150 1261 602
150 1161 441
150 1338 551
150 1286 450
160 1594 564
160 1377 464
160 1353 499
160 1303 486
160 1262 487
160 1495 533
160 1487 535
160 1256 502
160 1540 503
160 1533 525
160 1438 484
160 1224 477
160 1256 526
160 1509 530
160 1373 504
160 1374 558
160 1447 511
160 1485 554
160 1511 575
160 1508 493
160 1490 495
160 1335 508
160 1313 562
160 1445 543
160 1607 507
160 1361 509
160 1335 596
160 1331 506
160 1520 469
160 1428 514
160 1380 526
160 1431 547
160 1510 494
160 1324 614
160 1262 545
160 1484 489
160 1350 542
160 1436 595
160 1305 506
160 1416 499
160 1448 464
160 1309 541
160 1348 526
160 1388 563
160 1498 513
160 1302 491
160 1373 550
160 1383 521
160 1297 520
160 1297 520
160 1361 485
160 1472 580
160 1230 532
160 1461 499
160 1331 519
160 1413 501
160 1418 395
160 1416 518
160 1439 502
160 1455 466
160 1296 494
160 1416 555
160 1344 527
160 1411 597
160 1292 535
160 1374 531
160 1289 512
160 1342 466
160 1604 529
160 1536 437
160 1343 501
160 1320 490
160 1463 538
160 1472 492
160 1378 503
160 1389 483
160 1406 542
160 1265 488
160 1309 510
160 1396 488
160 1483 482
160 1288 497
160 1378 505
160 1286 510
160 1300 469
160 1587 587
160 1385 550
160 1403 551
160 1213 499
160 1437 567
160 1327 523
160 1345 549
160 1469 497
160 1525 516
160 1535 500
160 1283 561
160 1427 461
160 1402 564
160 1221 535
160 1462 584
170 1458 566
170 1461 543
170 1746 511
170 1516 545
170 1414 577
170 1491 569
170 1453 566
170 1438 530
170 1604 473
170 1437 575
170 1406 595
170 1413 564
170 1473 579
170 1378 618
170 1310 570
170 1487 530
170 1419 570
170 1446 553
170 1461 509
170 1616 556
170 1435 489
170 1645 565
170 1453 562
170 1416 539
170 1340 545
170 1449 555
170 1419 581
170 1468 579
170 1549 638
170 1394 501
170 1439 558
170 1561 603
170 1530 538
170 1578 530
170 1331 580
170 1409 522
170 1546 512
170 1575 521
170 1411 577
170 1556 594
170 1533 526
170 1482 587
170 1417 591
170 1579 511
170 1605 458
170 1411 539
170 1611 487
170 1430 520
170 1526 595
170 1420 614
170 1555 580
170 1426 535
170 1477 654
170 1823 579
170 1578 580
170 1367 511
170 1473 542
170 1476 583
170 1527 636
170 1428 557
170 1538 479
170 1806 459
170 1452 513
170 1523 619
170 1469 588
170 1356 554
170 1378 520
170 1397 627
170 1453 501
170 1402 553
170 1543 545
170 1287 544
170 1443 541
170 1475 487
170 1658 504
170 1481 507
170 1353 582
170 1530 611
170 1502 555
170 1548 540
170 1407 595
170 1427 522
170 1596 545
170 1453 540
170 1765 601
170 1685 519
170 1480 513
170 1450 539
170 1390 535
170 1398 594
170 1549 574
170 1374 600
170 1532 522
170 1328 542
170 1381 571
170 1378 567
170 1403 499
170 1613 517
170 1366 513
170 1455 556
180 1640 576
180 1614 639
180 1575 574
180 1500 586
180 1475 589
180 1675 550
180 1699 574
180 1602 572
180 1636 590
180 1583 570
180 1532 632
180 1751 657
180 1573 551
180 1797 651
180 1639 510
180 1636 660
180 1690 607
180 1811 533
180 1605 579
180 1634 523
180 1743 572
180 1533 611
180 1537 658
180 1700 602
180 1685 646
180 1432 647
180 1557 613
180 1675 541
180 1684 589
180 1493 520
180 1682 537
180 1802 535
180 1582 656
180 1902 587
180 1581 612
180 1549 550
180 1849 620
180 1745 617
180 1518 640
180 1849 635
180 1586 548
180 1571 562
180 1593 611
180 1533 570
180 1551 652
180 1536 510
180 1835 588
180 1457 631
180 1740 590
180 1581 668
180 1753 569
180 1613 556
180 1518 582
180 1533 596
180 1510 582
180 1529 581
180 1644 549
180 1641 511
180 1666 608
180 1487 641
180 1460 543
180 1461 586
180 1575 590
180 1455 596
180 1633 621
180 1571 617
180 1736 605
180 1687 565
180 1565 627
180 1732 598
180 1591 626
180 1470 615
180 1749 543
180 1872 544
180 1527 547
180 1679 615
180 1506 513
180 1555 533
180 1630 569
180 1647 559
180 1809 643
180 1773 563
180 1800 610
180 1670 548
180 1560 706
180 1613 590
180 1749 560
180 1741 578
180 1609 608
180 1458 558
180 1697 533
180 1512 545
180 1693 571
180 1577 650
180 1585 528
180 1429 624
180 1495 544
180 1777 596
180 1627 592
180 1549 616
190 1581 604
190 1682 586
190 1546 636
190 1699 701
190 1576 683
190 1868 588
190 1799 567
190 1846 644
190 1735 671
190 1768 629
190 1668 651
190 1656 591
190 1675 578
190 1545 652
190 1947 620
190 1603 552
190 1737 642
190 1786 634
190 1752 627
190 1728 622
190 1650 625
190 1627 589
190 1676 659
190 1771 628
190 1761 624
190 1740 604
190 1690 696
190 1968 701
190 1735 617
190 1636 606
190 1764 559
190 1645 629
190 1790 638
190 1614 596
190 1771 645
190 1663 648
190 1652 623
190 1678 555
190 1653 573
190 1829 608
190 1748 641
190 1650 624
190 1697 601
190 1582 646
190 1621 580
190 1586 644
190 1586 670
190 1651 622
190 1615 675
190 1500 600
190 1821 630
190 1731 665
190 1620 679
190 1807 714
190 1881 638
190 1708 609
190 1707 664
190 2019 603
190 1541 691
190 1589 665
190 1666 624
190 1892 595
190 1795 630
190 1641 664
190 1707 622
190 1563 655
190 1739 627
190 1791 651
190 1666 642
190 1637 603
190 1669 564
190 1650 542
190 1703 585
190 1690 625
190 1631 577
190 1673 641
190 1659 588
190 1677 567
190 1618 612
190 1719 619
190 1637 636
190 1873 596
190 1663 578
190 1851 568
190 1587 581
190 1657 546
190 1689 575
190 1515 531
190 1705 627
190 1856 618
190 1713 659
190 1720 608
190 1724 550
190 1692 682
190 1614 639
190 1985 680
190 1668 582
190 1747 653
190 1608 623
190 1723 608
200 1790 641
200 1855 629
200 1920 598
200 1877 632
200 1825 682
200 1825 658
200 1684 638
200 1988 710
200 1816 676
200 1995 672
200 1872 640
200 1560 580
200 1786 681
200 1682 677
200 1819 701
200 1806 705
200 1916 684
200 1720 681
200 1807 631
200 1856 652
200 1677 656
200 1869 672
200 1807 727
200 1744 683
200 1615 625
200 1651 573
200 1915 582
200 1924 695
200 1797 614
200 1860 731
200 1996 593
200 1895 656
200 1787 668
200 1927 683
200 1796 726
200 1875 609
200 1801 590
200 1845 637
200 1832 656
200 1644 714
200 1910 544
200 1758 698
200 1855 657
200 1895 662
200 1772 674
200 1711 632
200 1879 564
200 1979 690
200 1735 620
200 1776 629
200 1844 690
200 1804 659
200 1966 643
200 2089 709
200 1636 585
200 1830 648
200 2042 612
200 1755 684
200 1606 649
200 1796 721
200 1796 760
200 1594 601
200 1641 621
200 1878 630
200 1766 717
200 1757 625
200 1976 618
200 1679 701
200 1782 721
200 1677 646
200 1890 687
200 1907 704
200 1720 669
200 1745 640
200 1993 669
200 1757 641
200 1780 717
200 1732 657
200 2094 687
200 1762 723
200 1890 670
200 2154 652
200 1804 618
200 1883 644
200 1962 607
200 1860 640
200 1739 747
200 1701 654
200 1940 603
200 1871 604
200 1903 679
200 1726 635
200 1711 657
200 1886 645
200 1890 652
200 1747 588
200 1963 618
200 1749 604
200 1929 619
200 1888 613
1000 12678 3935
1000 12182 3852
1000 12112 3739
1000 12990 3798
1000 11978 3704
1000 12432 3697
1000 13056 3955
1000 11909 3853
1000 11644 3802
1000 12726 3739
1000 12093 3943
1000 12177 3978
1000 11968 3761
1000 12463 3780
1000 12388 3693
1000 12970 3719
1000 12296 3793
1000 12440 3892
1000 12528 3796
1000 12615 3912
1000 11286 3953
1000 11766 3909
1000 11756 3787
1000 11698 3908
1000 12667 3695
1000 12559 3824
1000 12463 3810
1000 13145 3833
1000 11810 4011
1000 12314 3859
1000 12181 3872
1000 12389 3797
1000 12018 3757
1000 11964 3787
1000 12116 3854
1000 11017 3814
1000 12236 4101
1000 13299 3714
1000 14161 3720
1000 13759 3895
1000 12065 3870
1000 12098 3757
1000 13489 3830
1000 11193 4076
1000 12344 3867
1000 12932 3687
1000 11841 3761
1000 12138 4065
1000 12733 3698
1000 11529 3669
1000 12776 3851
1000 13286 3778
1000 11878 3857
1000 13061 3875
1000 11540 3782
1000 12545 3987
1000 11949 3817
1000 11440 3692
1000 12216 3734
1000 12176 3843
1000 11725 3928
1000 12019 3805
1000 11848 3932
1000 12051 3825
1000 11867 3786
1000 11845 3975
1000 11524 3863
1000 12760 3905
1000 13634 3703
1000 12594 3915
1000 12828 3708
1000 14010 3665
1000 13258 3931
1000 12451 3929
1000 13760 3761
1000 12334 3829
1000 11750 3795
1000 11691 3752
1000 12197 3966
1000 12612 3978
1000 12349 3730
1000 12549 3883
1000 13255 3812
1000 11835 3717
1000 12099 3813
1000 12406 3890
1000 11612 3862
1000 12749 3753
1000 12390 3882
1000 12474 3894
1000 12900 3905
1000 11764 4097
1000 13693 3788
1000 12762 3725
1000 12844 3818
1000 13212 3888
1000 12384 3949
1000 12438 3910
1000 11523 3816
1000 12623 3681
2000 26928 8283
2000 25944 8181
2000 26114 8189
2000 26983 8316
2000 30855 8060
2000 29804 8078
2000 29558 8227
2000 26128 8236
2000 28187 8224
2000 30099 8264
2000 27583 7725
2000 26445 8042
2000 26064 8257
2000 28362 8294
2000 26767 8215
2000 25426 8190
2000 28279 8079
2000 26527 8210
2000 26188 8231
2000 27899 8040
2000 26624 8067
2000 26363 8157
2000 26788 7976
2000 26975 8216
2000 26385 8423
2000 26129 8229
2000 27048 8305
2000 27384 8161
2000 28202 8244
2000 27268 7891
2000 27354 8123
2000 27539 8509
2000 26510 8180
2000 27853 8184
2000 26248 8392
2000 27046 8146
2000 27481 8171
2000 29199 8114
2000 26348 8370
2000 26555 8247
2000 26469 8170
2000 26785 8310
2000 28890 7971
2000 27234 8192
2000 25799 8153
2000 28975 7922
2000 25474 8147
2000 29295 8184
2000 26898 7871
2000 26703 8322
2000 26568 8291
2000 27497 8251
2000 27290 8095
2000 28103 8154
2000 27145 8398
2000 26912 8168
2000 24764 8254
2000 25964 8222
2000 28741 8044
2000 26087 8363
2000 27646 8241
2000 25084 8093
2000 26338 8152
2000 26921 7876
2000 27090 8107
2000 27225 8356
2000 27140 8282
2000 28588 8211
2000 30607 8305
2000 27324 7940
2000 26762 8230
2000 30284 8193
2000 30195 7905
2000 27293 8148
2000 29591 7973
2000 27313 8113
2000 25919 8255
2000 29698 8136
2000 27705 7997
2000 26476 8143
2000 28880 8073
2000 27376 8166
2000 26732 8221
2000 28636 8055
2000 27765 8213
2000 28929 8034
2000 26437 8481
2000 26170 8380
2000 27002 7974
2000 25873 8163
2000 25431 8204
2000 27554 8216
2000 27376 8253
2000 28020 8147
2000 28804 8063
2000 29181 8114
2000 27723 7705
2000 27370 8072
2000 26562 8209
2000 27313 8041
3000 43265 12650
3000 49323 12552
3000 41121 12475
3000 42175 12545
3000 43903 12526
3000 46343 12287
3000 43974 12621
3000 43616 12644
3000 46058 12525
3000 47847 12581
3000 43028 12571
3000 45370 12761
3000 44430 12462
3000 44491 12585
3000 42111 12780
3000 41215 12717
3000 43877 12535
3000 42872 12784
3000 42059 12499
3000 44559 12632
3000 44364 12171
3000 43882 12669
3000 42428 12818
3000 47163 12485
3000 43863 12753
3000 41977 12649
3000 41116 12477
3000 44825 12749
3000 40802 13180
3000 44276 12603
3000 46496 12478
3000 45499 12622
3000 45114 12397
3000 40318 12814
3000 43487 12716
3000 41074 12835
3000 43179 12326
3000 46974 12610
3000 43675 12473
3000 43987 13044
3000 41072 12629
3000 42764 12950
3000 44493 12589
3000 42156 13025
3000 42826 12643
3000 45273 12727
3000 41119 12690
3000 43070 12708
3000 40970 12594
3000 43483 12682
3000 40873 12857
3000 45097 12702
3000 42323 12599
3000 42462 12759
3000 44945 12613
3000 45139 12687
3000 46251 12751
3000 41838 12649
3000 41570 12615
3000 42201 12579
3000 45196 12591
3000 43320 12657
3000 44545 12620
3000 41979 12988
3000 42608 12837
3000 44407 12666
3000 43303 12395
3000 48307 12310
3000 45759 12839
3000 47470 12502
3000 43686 12690
3000 44601 12718
3000 41977 12331
3000 45266 12463
3000 42066 12676
3000 44315 12805
3000 42007 12254
3000 42658 12548
3000 45917 12585
3000 45213 12592
3000 42748 12833
3000 42405 12909
3000 45451 12659
3000 42310 12766
3000 43561 12455
3000 43445 12475
3000 43686 12789
3000 47283 12450
3000 43221 12537
3000 43937 12648
3000 45027 12941
3000 44847 12495
3000 42632 12919
3000 46115 12524
3000 43779 12870
3000 42114 12858
3000 44385 12375
3000 44569 12566
3000 41783 12705
3000 41960 12554
4000 62515 17204
4000 59902 17552
4000 60274 17271
4000 58688 17475
4000 62046 17229
4000 61854 17321
4000 62764 17389
4000 57582 17252
4000 57159 17557
4000 59738 17268
4000 59838 17259
4000 62146 17197
4000 61843 17220
4000 60327 17087
4000 61563 17211
4000 58208 17139
4000 58096 17097
4000 55534 17432
4000 58330 17465
4000 63073 17125
4000 60649 17385
4000 59873 17237
4000 60735 17175
4000 61814 17367
4000 63751 16919
4000 62534 16858
4000 61089 17164
4000 62126 17299
4000 63245 16771
4000 62579 17213
4000 56763 17460
4000 56559 17382
4000 58174 17528
4000 61924 17067
4000 58946 17327
4000 59527 17052
4000 59400 16978
4000 56793 17464
4000 56259 17281
4000 61890 17182
4000 56662 17237
4000 61083 17159
4000 58248 17615
4000 57733 17295
4000 59832 17243
4000 61946 16737
4000 58971 17335
4000 58531 17025
4000 61283 17063
4000 60346 17329
4000 59063 17170
4000 60800 17325
4000 62131 17269
4000 64038 17303
4000 62886 17241
4000 62211 17100
4000 60219 16878
4000 58681 17147
4000 58183 17184
4000 57377 17174
4000 58354 16994
4000 62917 17300
4000 61118 17241
4000 58806 17421
4000 67553 17295
4000 57442 17148
4000 61419 17124
4000 60810 17422
4000 59515 17322
4000 58802 17432
4000 59888 17626
4000 62909 17219
4000 62943 17320
4000 60408 17362
4000 57733 17463
4000 57977 17161
4000 61839 16920
4000 62687 17094
4000 58809 17070
4000 56281 17442
4000 60652 17233
4000 58232 17309
4000 56680 17635
4000 63274 17030
4000 57861 17596
4000 60807 17111
4000 62629 17212
4000 63833 16829
4000 56743 17161
4000 61780 17354
4000 57446 17214
4000 63779 17187
4000 55689 17154
4000 64635 17551
4000 58145 17035
4000 65917 17066
4000 61113 17058
4000 57712 17253
4000 62226 17104
4000 67974 17073
5000 76004 22418
5000 72384 22105
5000 74031 21924
5000 74323 22191
5000 79891 21942
5000 75570 21940
5000 77815 21865
5000 79508 21978
5000 73139 22129
5000 73847 22021
5000 76662 22348
5000 77506 22023
5000 75668 22178
5000 74410 22328
5000 75524 21836
5000 80631 21834
5000 77289 21953
5000 77721 22226
5000 76253 21919
5000 84678 21999
5000 88622 21303
5000 77759 21735
5000 77627 21978
5000 77932 22065
5000 77788 21349
5000 82280 21635
5000 78718 21704
5000 79064 21854
5000 82990 21613
5000 76509 21696
5000 83032 21252
5000 78442 22077
5000 77235 21889
5000 75049 22101
5000 76722 22249
5000 86575 21457
5000 76043 22126
5000 77818 21383
5000 78463 22244
5000 83942 22051
5000 79630 21815
5000 82433 21893
5000 76143 21888
5000 83171 21696
5000 75031 21729
5000 75660 21806
5000 76669 22054
5000 74063 21893
5000 78876 22386
5000 83353 21932
5000 84030 21484
5000 79472 21735
5000 78119 21627
5000 77524 21965
5000 74847 21637
5000 76107 21873
5000 75210 21942
5000 76269 21814
5000 78446 22217
5000 82137 21869
5000 75246 21758
5000 78244 21983
5000 73864 21834
5000 82264 21861
5000 74045 21962
5000 75278 22060
5000 76955 21978
5000 78677 21647
5000 83603 21507
5000 74538 22366
5000 78526 21682
5000 82141 21508
5000 74231 22239
5000 74382 22263
5000 81497 21816
5000 73434 21563
5000 80011 21453
5000 76835 21812
5000 78915 21935
5000 79635 21675
5000 77295 22137
5000 82536 21879
5000 76984 21738
5000 77316 21948
5000 80320 22113
5000 78667 21925
5000 83963 21656
5000 75872 22051
5000 83748 21452
5000 76263 22130
5000 77489 22059
5000 75170 21863
5000 80156 22011
5000 77327 21589
5000 82682 21946
5000 73671 22080
5000 75373 21992
5000 81508 22004
5000 76441 21983
5000 76578 21689
6000 91261 26673
6000 104211 26350
6000 92511 26548
6000 96302 26529
6000 95807 26739
6000 93873 26749
6000 96175 26575
6000 93578 26885
6000 98546 26249
6000 91846 26602
6000 89087 26793
6000 93114 26488
6000 96518 26761
6000 95033 26446
6000 95553 27038
6000 90848 27383
6000 95315 26622
6000 93870 26653
6000 99268 26568
6000 98966 26571
6000 101049 26569
6000 90248 26755
6000 93187 26629
6000 98178 26261
6000 94150 26308
6000 98480 26847
6000 95722 26636
6000 91939 26581
6000 96303 26547
6000 100403 26653
6000 101849 26288
6000 95538 26442
6000 95469 26804
6000 99245 26649
6000 93415 27092
6000 94977 26546
6000 104311 26447
6000 98163 27163
6000 97087 26537
6000 93022 26489
6000 93212 26715
6000 90713 26459
6000 94728 26832
6000 90776 26540
6000 101351 26431
6000 101274 26673
6000 96610 26298
6000 95633 26521
6000 90566 26949
6000 94910 26609
6000 93924 26809
6000 97523 26635
6000 96192 26691
6000 92847 26696
6000 99085 26896
6000 92768 26451
6000 97572 26603
6000 95105 26645
6000 94268 26789
6000 99072 26739
6000 102431 26476
6000 92213 26613
6000 96605 27071
6000 90106 26829
6000 94873 26742
6000 89970 26882
6000 95298 26679
6000 95546 26203
6000 99072 26557
6000 93923 26694
6000 95873 26356
6000 94886 26643
6000 97587 26649
6000 92674 26804
6000 95333 26112
6000 97517 26315
6000 94085 26622
6000 97441 26607
6000 94183 26392
6000 95022 26823
6000 90619 26941
6000 98868 26703
6000 94811 26825
6000 96354 26399
6000 99542 26144
6000 96814 26574
6000 94937 26585
6000 93283 26633
6000 103613 26350
6000 98490 26011
6000 100168 26746
6000 98001 26543
6000 92610 27156
6000 94597 26876
6000 89192 27032
6000 95840 26378
6000 94371 27077
6000 99452 26651
6000 94244 26709
6000 96844 26522
7000 108202 31761
7000 108675 31888
7000 120325 31155
7000 108372 31383
7000 105792 31994
7000 107371 31536
7000 126409 31005
7000 108746 31730
7000 112075 31515
7000 111314 31391
7000 113120 31556
7000 109143 32098
7000 119467 31249
7000 116998 30983
7000 128322 31483
7000 109790 32297
7000 121964 31121
7000 112754 31569
7000 118360 31272
7000 113225 31512
7000 110291 31439
7000 114151 31591
7000 114696 31180
7000 117159 31639
7000 113136 31285
7000 117766 31785
7000 113421 31344
7000 111777 31361
7000 113459 31393
7000 114055 31663
7000 108463 31284
7000 113592 31440
7000 110614 31826
7000 113592 30900
7000 110313 31825
7000 116921 31150
7000 114377 32048
7000 118797 31919
7000 115420 31172
7000 113525 31369
7000 113218 31446
7000 113853 31221
7000 116776 31469
7000 111370 31309
7000 108656 31766
7000 114097 31413
7000 122232 30586
7000 116984 31094
7000 116807 31537
7000 114010 31299
7000 121642 31299
7000 113045 31458
7000 118024 31316
7000 114648 31556
7000 113089 31214
7000 109930 31644
7000 109460 31437
7000 120063 31084
7000 120361 31325
7000 111553 31404
7000 112805 31415
7000 116411 31159
7000 120664 30952
7000 117802 31275
7000 112203 31635
7000 112362 31708
7000 122761 30817
7000 112323 31546
7000 109119 31641
7000 117599 31321
7000 117551 32021
7000 112056 31164
7000 113623 31881
7000 110190 31764
7000 116705 31131
7000 112028 32028
7000 116427 31615
7000 123578 31259
7000 112086 31574
7000 109465 31455
7000 111844 31737
7000 114142 31606
7000 111643 31479
7000 107455 31922
7000 114388 30996
7000 108982 31522
7000 120132 30900
7000 110622 31449
7000 113253 31426
7000 116191 31267
7000 125498 31064
7000 119625 31635
7000 112715 31951
7000 116194 31263
7000 113816 31449
7000 114576 31549
7000 107560 31868
7000 122978 31443
7000 126246 30894
7000 110541 31797
8000 140006 35820
8000 138917 36053
8000 134045 36175
8000 133353 35799
8000 126833 36477
8000 132639 36047
8000 126694 36596
8000 136039 36375
8000 144893 35787
8000 132188 36427
8000 132263 36534
8000 127776 36696
8000 135542 36352
8000 135208 36215
8000 126366 36812
8000 125593 36490
8000 126640 36340
8000 138134 35852
8000 130820 35968
8000 129868 36453
8000 134889 36193
8000 137993 36373
8000 136659 35893
8000 131027 36614
8000 131413 36133
8000 129594 36033
8000 131641 36048
8000 133331 36339
8000 135132 35807
8000 130976 35993
8000 127429 36672
8000 127589 36704
8000 134573 36059
8000 137892 36467
8000 134338 36247
8000 124750 36385
8000 130563 36280
8000 131205 36482
8000 134676 35906
8000 129577 36721
8000 130563 35907
8000 129530 36116
8000 139385 35691
8000 127729 35864
8000 127204 36705
8000 134809 36013
8000 132823 36617
8000 128748 36341
8000 131900 36191
8000 134644 36140
8000 129539 36779
8000 126195 36486
8000 128101 36684
8000 133378 35900
8000 128494 37275
8000 136923 36040
8000 129871 36444
8000 141933 35738
8000 126805 36923
8000 134347 35763
8000 133597 36326
8000 140080 36096
8000 131771 35977
8000 126775 36440
8000 127748 36411
8000 135900 36073
8000 136098 35928
8000 138383 36128
8000 140132 36016
8000 134171 36019
8000 124553 36403
8000 134758 35779
8000 139452 35658
8000 133596 36174
8000 133251 36213
8000 134457 36473
8000 134875 35900
8000 135967 36166
8000 135845 36400
8000 129759 36624
8000 130408 36596
8000 129723 35971
8000 124859 36198
8000 132392 36308
8000 127826 36393
8000 134810 36377
8000 130828 36144
8000 125234 36976
8000 144116 36376
8000 130523 35933
8000 135874 36393
8000 138664 36001
8000 131177 36587
8000 138377 36256
8000 133691 36023
8000 131939 35892
8000 127811 36186
8000 126997 36341
8000 126929 36706
8000 130970 36057
9000 158689 40366
9000 151417 41223
9000 153939 41163
9000 163306 40943
9000 148372 41130
9000 156027 41513
9000 163151 41228
9000 145229 41746
9000 146869 41436
9000 156142 41481
9000 148984 41342
9000 155640 40667
9000 153537 41604
9000 150523 41670
9000 149023 41386
9000 147323 41420
9000 152575 41000
9000 153514 41202
9000 146867 41401
9000 161021 41595
9000 140717 41435
9000 164976 40897
9000 146731 41574
9000 159134 40392
9000 146287 41315
9000 146425 41340
9000 143033 41147
9000 151853 41119
9000 147910 41492
9000 151531 40711
9000 146604 42007
9000 153751 40721
9000 155994 40456
9000 142536 41555
9000 150322 41344
9000 163837 40892
9000 156662 40918
9000 141802 41560
9000 155476 41276
9000 143959 41533
9000 166229 41359
9000 151669 41069
9000 158313 41190
9000 157377 40756
9000 149442 41272
9000 153875 40793
9000 161146 41023
9000 147249 41294
9000 147453 41153
9000 145777 41273
9000 162136 41070
9000 151924 41265
9000 147765 40971
9000 144682 41037
9000 149427 41082
9000 153368 41327
9000 164338 40899
9000 148133 41243
9000 164797 41050
9000 160074 40912
9000 147732 40853
9000 141775 41083
9000 163512 40905
9000 144900 41558
9000 157098 40689
9000 146010 41049
9000 151419 41318
9000 144651 41088
9000 147809 41372
9000 151821 41152
9000 152971 41234
9000 155407 41223
9000 158813 41009
9000 151679 41339
9000 151250 40664
9000 147434 41468
9000 150758 41403
9000 146935 40739
9000 153171 40969
9000 144740 41379
9000 149139 41086
9000 142177 41591
9000 153076 40920
9000 156935 41074
9000 146187 41586
9000 143549 41281
9000 156991 40923
9000 138539 41505
9000 151587 41597
9000 161312 41431
9000 152449 41435
9000 145831 40783
9000 160592 40718
9000 149928 41143
9000 145601 41208
9000 154123 41436
9000 150435 41105
9000 153723 41134
9000 152347 40999
9000 147763 41363
10000 169989 45824
10000 178113 45986
10000 174235 46186
10000 162533 46016
10000 173074 46309
10000 177413 46200
10000 172038 46001
10000 166442 46298
10000 166955 46276
10000 176123 46429
10000 165182 46493
10000 167666 46400
10000 163756 46394
10000 170777 46247
10000 186600 45728
10000 168129 45972
10000 166649 46348
10000 180631 45269
10000 160384 47329
10000 173352 46184
10000 168536 45596
10000 180901 45919
10000 174601 46038
10000 157143 46230
10000 165747 46291
10000 165332 46491
10000 164186 46476
10000 171449 45570
10000 177818 45096
10000 167683 45851
10000 171416 45883
10000 175932 45536
10000 165705 46585
10000 162620 45895
10000 163144 46027
10000 160236 46880
10000 164261 46612
10000 173652 46163
10000 165557 46476
10000 160472 46591
10000 164404 46243
10000 170113 45995
10000 163642 46275
10000 173677 46107
10000 167428 45710
10000 167410 46142
10000 169213 46656
10000 169215 45827
10000 171119 45975
10000 171126 45509
10000 178980 45373
10000 165334 46618
10000 162609 46200
10000 167895 46162
10000 168564 45779
10000 180738 44886
10000 168664 45705
10000 166546 45437
10000 168635 46072
10000 165307 46270
10000 170362 46018
10000 165000 46324
10000 177167 45853
10000 163639 46447
10000 164160 46088
10000 168981 46948
10000 166915 46493
10000 173918 45663
10000 171052 46192
10000 174051 45598
10000 165696 46522
10000 168134 46314
10000 179028 45592
10000 160714 46323
10000 164816 45940
10000 163720 46563
10000 177915 45781
10000 173396 46318
10000 171336 46298
10000 162123 46094
10000 159764 46603
10000 168550 45848
10000 161761 46310
10000 165831 46091
10000 171929 46063
10000 200088 45456
10000 172827 45929
10000 189840 44992
10000 172652 45944
10000 165465 45661
10000 185711 46020
10000 160529 46565
10000 173749 46019
10000 167852 45943
10000 162453 46221
10000 175864 45898
10000 163969 46034
10000 173757 45982
10000 168744 46248
10000 168082 46587
11000 182126 51154
11000 188195 51559
11000 187748 51294
11000 183511 51163
11000 191861 50808
11000 178198 51850
11000 179529 51233
11000 189724 50871
11000 196626 51056
11000 197105 51484
11000 190564 51483
11000 182592 51553
11000 181459 51524
11000 195806 50259
11000 180713 51397
11000 207185 50339
11000 187826 51737
11000 179389 51713
11000 187920 51566
11000 198965 50787
11000 193383 50884
11000 195458 50867
11000 187793 50673
11000 185434 51177
11000 189670 50886
11000 184714 51099
11000 190357 51212
11000 185645 51577
11000 187969 50757
11000 192666 50553
11000 191444 51245
11000 192211 50655
11000 192167 51362
11000 182654 51448
11000 180418 50890
11000 192324 50883
11000 192475 51023
11000 187803 50914
11000 191127 51094
11000 184990 51410
11000 181355 51299
11000 186704 50927
11000 202703 50816
11000 197528 50914
11000 181905 51744
11000 176736 51023
11000 182267 51276
11000 184009 51636
11000 194599 50228
11000 186727 51249
11000 185124 51459
11000 185178 51165
11000 182034 51625
11000 185175 51521
11000 191900 51044
11000 196379 51554
11000 181516 51240
11000 183705 51416
11000 190587 50798
11000 202169 50374
11000 179458 51119
11000 183303 50879
11000 188437 50776
11000 188983 51178
11000 192140 50884
11000 194535 51581
11000 190076 50675
11000 185051 50546
11000 194087 51303
11000 181078 51427
11000 190424 50784
11000 182827 51308
11000 186258 50843
11000 203089 50698
11000 191853 51134
11000 191555 50925
11000 195880 50227
11000 191885 50812
11000 183243 51104
11000 186671 50820
11000 186513 51067
11000 183731 51131
11000 196761 51256
11000 190329 51244
11000 187927 51354
11000 185763 51087
11000 205378 50269
11000 190712 50754
11000 188469 50809
11000 185221 50929
11000 186903 51151
11000 199255 50332
11000 191128 50658
11000 193675 50588
11000 214277 50030
11000 191432 50735
11000 195946 50914
11000 184428 51292
11000 196236 51048
11000 200040 50499
12000 201582 56373
12000 197973 56555
12000 204099 55725
12000 211595 56212
12000 208646 56377
12000 204738 55983
12000 204060 56039
12000 203182 56420
12000 208997 56448
12000 204608 56370
12000 210956 55535
12000 216104 56370
12000 207432 55888
12000 202475 55935
12000 193561 56100
12000 202015 56151
12000 212612 55700
12000 200783 56235
12000 207629 55953
12000 221206 56038
12000 202376 56620
12000 202410 56361
12000 204664 56343
12000 198903 56700
12000 206163 56557
12000 204926 56033
12000 201564 56357
12000 207939 56288
12000 207048 57004
12000 222753 56027
12000 195869 56078
12000 202320 55642
12000 205959 56627
12000 204238 56585
12000 214588 55629
12000 200114 55986
12000 207682 55936
12000 195922 56921
12000 208297 55721
12000 204494 55544
12000 192952 56476
12000 208931 56380
12000 210486 56291
12000 206246 55544
12000 203799 56027
12000 203358 56768
12000 201550 56491
12000 220001 55470
12000 218840 55552
12000 216832 55857
12000 217647 55067
12000 199871 55839
12000 210881 55432
12000 225389 54762
12000 203707 56307
12000 205702 55114
12000 194211 57081
12000 201799 56384
12000 218133 55563
12000 196703 56247
12000 204822 55672
12000 216391 56313
12000 210238 55851
12000 220304 55220
12000 213547 55619
12000 217964 55173
12000 212405 56146
12000 210757 55553
12000 209921 56040
12000 213833 56006
12000 196885 56919
12000 203768 56569
12000 208454 56114
12000 217039 55227
12000 201782 55608
12000 201512 56478
12000 206720 55680
12000 205818 56838
12000 207010 56645
12000 196313 56103
12000 203294 56287
12000 208526 56465
12000 198057 56303
12000 205127 56326
12000 204285 56255
12000 212040 55853
12000 212761 56458
12000 204594 56027
12000 206652 56460
12000 208077 56305
12000 201288 56350
12000 193466 57026
12000 202688 56309
12000 204486 56160
12000 221629 55557
12000 198948 56261
12000 205925 55860
12000 196396 56752
12000 223794 55760
12000 202135 55651
13000 230082 61017
13000 213775 61401
13000 226316 61270
13000 224292 61065
13000 225964 60542
13000 257492 60206
13000 223700 61007
13000 232799 60591
13000 223381 62028
13000 228964 61328
13000 227245 60883
13000 243901 60331
13000 218080 62099
13000 221419 61548
13000 218321 61262
13000 223360 61215
13000 228727 60869
13000 241412 61052
13000 222682 61527
13000 219904 61057
13000 243823 60992
13000 226933 61527
13000 218600 61575
13000 218559 61288
13000 231116 60804
13000 232702 60365
13000 234698 60726
13000 239019 60325
13000 230587 60604
13000 225995 61360
13000 233183 61545
13000 247876 60344
13000 226170 61084
13000 225343 61484
13000 218789 61640
13000 225299 60541
13000 223333 61067
13000 229259 60051
13000 227328 60636
13000 231327 61322
13000 229394 61336
13000 229235 60871
13000 231091 60548
13000 219915 61300
13000 240649 60609
13000 232138 60437
13000 234283 60647
13000 218359 62068
13000 220659 61277
13000 232930 60525
13000 242432 59987
13000 222298 61199
13000 235781 61372
13000 222337 60974
13000 217775 61011
13000 225466 61169
13000 222554 60901
13000 216161 61713
13000 221896 60989
13000 234286 60720
13000 224445 61471
13000 219637 60883
13000 235477 60673
13000 233806 60892
13000 230685 61179
13000 223311 61290
13000 221306 60935
13000 234299 60463
13000 236167 60714
13000 213988 61415
13000 215170 61944
13000 225120 60666
13000 219128 61331
13000 225233 60980
13000 240318 60796
13000 218205 61321
13000 212818 60940
13000 233660 61413
13000 253882 60107
13000 235598 60504
13000 248008 60007
13000 218185 61591
13000 238091 60640
13000 231205 60821
13000 225801 60696
13000 224814 61267
13000 224438 60868
13000 237629 60739
13000 229707 60578
13000 216287 61554
13000 221137 61792
13000 219394 61903
13000 235907 61190
13000 227404 61221
13000 221475 61520
13000 221947 61444
13000 244074 60907
13000 219479 61859
13000 217174 61287
13000 227140 61015
14000 243686 66586
14000 259235 65469
14000 261034 65580
14000 274273 65654
14000 247357 65935
14000 234983 67338
14000 235871 65843
14000 232956 66784
14000 240476 66480
14000 245752 65268
14000 255722 66503
14000 239239 66166
14000 259002 65682
14000 231342 66442
14000 239425 66412
14000 248723 66225
14000 247089 66087
14000 239644 66422
14000 238382 66472
14000 266349 66507
14000 252273 65750
14000 244570 65554
14000 247934 66409
14000 259922 65784
14000 245297 66894
14000 250029 65574
14000 245080 66269
14000 247478 66037
14000 248359 66277
14000 248100 66376
14000 235842 66600
14000 242345 65846
14000 258221 64768
14000 246698 65900
14000 255002 66484
14000 240501 65919
14000 237982 65671
14000 237727 65971
14000 249724 66030
14000 252150 65875
14000 242160 66327
14000 251607 65838
14000 239559 66002
14000 239778 66295
14000 249005 66010
14000 233659 65741
14000 263465 65581
14000 249258 65150
14000 262421 65231
14000 269840 65877
14000 229782 65833
14000 246939 66220
14000 247079 65924
14000 248313 66342
14000 243509 65462
14000 249372 65874
14000 249038 65665
14000 240984 66318
14000 245979 66420
14000 238063 66345
14000 234580 66491
14000 246265 65983
14000 248919 66546
14000 248089 65864
14000 247770 66014
14000 239546 66269
14000 237885 66418
14000 249923 65728
14000 251037 65771
14000 249217 65496
14000 256500 66338
14000 259737 65719
14000 255506 65773
14000 247812 65694
14000 232484 66209
14000 243365 66331
14000 244239 66382
14000 246885 66258
14000 241209 66637
14000 246750 66480
14000 277311 64868
14000 237262 66407
14000 238685 66929
14000 251704 65229
14000 248828 65240
14000 238152 66093
14000 234522 67229
14000 244839 65993
14000 238809 66668
14000 241160 66130
14000 238344 65927
14000 263334 66013
14000 238043 66453
14000 251196 66238
14000 249914 66089
14000 245186 65554
14000 250527 66369
14000 242357 65549
14000 255968 65125
14000 251806 66029
15000 269644 71291
15000 256294 71290
15000 256336 71015
15000 267838 71510
15000 258591 70869
15000 263951 70962
15000 258162 71648
15000 274465 71109
15000 263280 71320
15000 274233 71517
15000 256962 71374
15000 260534 71578
15000 268434 71519
15000 254951 71311
15000 273511 71416
15000 284580 70755
15000 264297 71538
15000 255799 72090
15000 283008 71045
15000 258061 71776
15000 263866 71139
15000 270482 71263
15000 267982 71009
15000 262757 72085
15000 260255 71408
15000 265428 71071
15000 265488 70865
15000 268234 70663
15000 258672 71354
15000 269625 70591
15000 265579 71206
15000 266554 71501
15000 252209 71390
15000 262949 71640
15000 258206 71676
15000 277069 70585
15000 260984 71269
15000 259477 71213
15000 269969 71275
15000 270398 71434
15000 273112 70964
15000 272544 70379
15000 268177 71743
15000 261676 70911
15000 272984 70403
15000 257477 71599
15000 258055 72196
15000 263829 71413
15000 272571 71368
15000 264852 71182
15000 260764 71231
15000 255409 71040
15000 272613 71156
15000 274198 70427
15000 268875 71311
15000 264790 71615
15000 266321 72253
15000 275777 70069
15000 264283 71337
15000 257340 70602
15000 277936 71580
15000 279351 70846
15000 260742 71638
15000 273976 71246
15000 246182 71978
15000 266013 71523
15000 271825 71115
15000 256281 71162
15000 265991 70739
15000 255251 71359
15000 282378 71211
15000 258871 71478
15000 256271 71891
15000 261250 71286
15000 267345 71155
15000 255723 71577
15000 263787 71097
15000 254294 71347
15000 258086 71076
15000 269073 71665
15000 255612 71467
15000 273331 71609
15000 266354 71368
15000 263376 70859
15000 259523 71180
15000 275363 70224
15000 275583 70395
15000 281387 70491
15000 257184 71203
15000 253275 71710
15000 284007 71008
15000 261058 71270
15000 268943 70855
15000 261632 71392
15000 255762 71595
15000 270639 71075
15000 267319 71109
15000 273888 70640
15000 256530 71979
15000 271391 71705
16000 322593 75491
16000 280971 76361
16000 287885 76117
16000 283701 75867
16000 314183 75707
16000 281066 76658
16000 276846 76545
16000 278013 76592
16000 284109 75978
16000 279592 77045
16000 286184 76309
16000 285826 76466
16000 285572 77210
16000 274290 77232
16000 285181 76705
16000 280135 76725
16000 294485 75909
16000 292054 75749
16000 300921 75708
16000 310642 74759
16000 275041 76725
16000 284557 76454
16000 273465 77496
16000 288681 76017
16000 274119 76412
16000 285833 76299
16000 274187 76196
16000 279953 76840
16000 306580 76196
16000 296078 76367
16000 301645 76168
16000 277848 76660
16000 276161 77446
16000 280989 76436
16000 290923 76036
16000 293457 76628
16000 292549 76233
16000 281800 76554
16000 281887 76144
16000 289447 76146
16000 286435 75815
16000 285118 76118
16000 283830 76037
16000 290775 76146
16000 277592 76341
16000 292294 76110
16000 306372 75615
16000 297691 75539
16000 306570 75252
16000 267755 76578
16000 285733 75680
16000 279116 77027
16000 271033 76734
16000 293343 75275
16000 273103 76742
16000 280285 76630
16000 298396 75419
16000 293014 76499
16000 289409 75962
16000 293477 76056
16000 288632 75691
16000 281271 76521
16000 286143 77170
16000 299134 75784
16000 278263 76609
16000 285624 76132
16000 287091 75941
16000 280654 76263
16000 277478 76198
16000 302654 76369
16000 281907 76158
16000 284831 76484
16000 275081 76110
16000 297973 75008
16000 272523 76184
16000 276833 76462
16000 295053 76160
16000 304085 75657
16000 283010 76387
16000 290147 76148
16000 272921 77020
16000 287635 76097
16000 287047 75708
16000 297124 75699
16000 278997 76446
16000 273489 76449
16000 288283 76531
16000 285469 76146
16000 293719 75931
16000 292082 75548
16000 281960 76233
16000 289519 76174
16000 279422 76153
16000 288411 76140
16000 278193 77037
16000 299030 75246
16000 292014 76150
16000 281354 76220
16000 284561 76238
16000 284201 76371
17000 299946 81983
17000 302937 81066
17000 332183 80431
17000 315638 80676
17000 300483 82133
17000 311783 80647
17000 305642 81032
17000 310470 81405
17000 303692 81210
17000 299791 81264
17000 297968 82202
17000 294770 81081
17000 304293 81136
17000 297143 80932
17000 301727 81568
17000 304852 81440
17000 294229 82306
17000 302298 81682
17000 294408 81039
17000 306560 81454
17000 316052 80416
17000 304043 80745
17000 301152 81901
17000 312269 81002
17000 289802 81850
17000 328779 81279
17000 295151 81876
17000 303790 81012
17000 296369 81993
17000 312422 80956
17000 310275 81258
17000 293397 81196
17000 331501 80531
17000 307410 81648
17000 305971 81899
17000 298834 81721
17000 295248 81503
17000 319799 80495
17000 300428 81892
17000 314205 81677
17000 307465 80637
17000 312196 81292
17000 311064 80827
17000 313594 80505
17000 306575 81389
17000 303737 80743
17000 310703 80964
17000 319776 81377
17000 299269 81809
17000 310037 80616
17000 290303 81482
17000 299706 81475
17000 301289 81479
17000 303340 81750
17000 295361 81575
17000 327318 80545
17000 323288 80480
17000 303555 81322
17000 306867 81490
17000 329519 81012
17000 297917 81118
17000 302042 82312
17000 303471 81431
17000 293825 81766
17000 295293 81475
17000 331936 80462
17000 313058 80882
17000 311323 81421
17000 302889 81554
17000 310855 81149
17000 313487 80971
17000 320223 80260
17000 287857 82792
17000 329343 81062
17000 294891 81706
17000 282959 82613
17000 302088 81512
17000 300881 81702
17000 296122 81524
17000 304235 80682
17000 308190 81490
17000 288754 82178
17000 309846 81473
17000 310939 80708
17000 294166 82604
17000 317711 81044
17000 323601 80396
17000 312444 80644
17000 312764 80592
17000 304099 81729
17000 307578 81064
17000 311412 81017
17000 303994 81622
17000 326525 81447
17000 304332 82110
17000 306049 81165
17000 311321 81009
17000 310205 81330
17000 295590 81872
17000 349584 79781
18000 316678 87544
18000 318408 87059
18000 315255 86754
18000 350434 85866
18000 319673 86630
18000 322212 86763
18000 320372 86925
18000 324725 87199
18000 307594 87069
18000 340751 86314
18000 330290 86690
18000 323809 86221
18000 338248 85823
18000 323934 87152
18000 325615 86694
18000 317751 86575
18000 322625 86192
18000 330576 86606
18000 307677 87030
18000 317393 86373
18000 339494 86366
18000 329295 86404
18000 346523 86067
18000 323829 86232
18000 325377 87304
18000 316317 87723
18000 333957 86203
18000 321210 86378
18000 332582 87151
18000 348804 85747
18000 338688 86695
18000 336466 86055
18000 312946 86778
18000 328583 86003
18000 346683 86997
18000 319186 86663
18000 329911 86475
18000 326718 86488
18000 328113 86585
18000 314985 86925
18000 310437 86303
18000 314859 87455
18000 347862 85178
18000 337833 85901
18000 323404 87108
18000 334643 86124
18000 323110 86855
18000 350556 86171
18000 315225 86799
18000 331399 86238
18000 361059 85956
18000 337399 85670
18000 329792 86164
18000 326873 85652
18000 334910 86420
18000 344700 86214
18000 324169 86255
18000 342287 86341
18000 347063 85943
18000 308433 87779
18000 319630 86216
18000 324430 87041
18000 313634 87161
18000 318113 86925
18000 341353 86196
18000 340937 85348
18000 325867 87395
18000 329836 85906
18000 323528 86984
18000 318467 86335
18000 356102 86583
18000 310060 86645
18000 341974 86261
18000 327144 86507
18000 339746 86510
18000 321184 86403
18000 325890 86006
18000 316869 87032
18000 364358 85132
18000 345594 86268
18000 326439 86100
18000 330603 86131
18000 311963 86876
18000 324825 86280
18000 318910 86969
18000 313597 87240
18000 354307 86062
18000 327856 86613
18000 309898 86688
18000 318215 87230
18000 322589 86005
18000 321066 86197
18000 319864 86107
18000 322487 86511
18000 321273 86654
18000 331632 86636
18000 314140 86458
18000 320563 86861
18000 319001 86683
18000 333594 86340
19000 330699 92036
19000 370053 91203
19000 343482 90943
19000 348090 92009
19000 343805 91115
19000 358985 90506
19000 385658 90676
19000 342831 91854
19000 361031 90718
19000 351291 91677
19000 352332 91867
19000 350387 91855
19000 370492 90823
19000 339805 91421
19000 352278 91626
19000 371546 91237
19000 339906 92188
19000 354394 91981
19000 350058 91267
19000 369487 90290
19000 336520 92407
19000 341082 91853
19000 340769 92142
19000 353597 92111
19000 352718 91545
19000 352261 91225
19000 338367 91822
19000 367016 91549
19000 357648 91558
19000 327830 92656
19000 338510 92311
19000 364999 91434
19000 354725 92149
19000 339209 92271
19000 343350 92166
19000 344859 92120
19000 350456 91762
19000 351130 91417
19000 362662 90820
19000 347313 91578
19000 338296 91737
19000 356106 90936
19000 341040 91800
19000 344926 91758
19000 369643 91036
19000 361749 90955
19000 354093 91866
19000 336328 92041
19000 356902 91221
19000 333876 92048
19000 333405 92445
19000 344837 91171
19000 331339 91971
19000 358999 90695
19000 344604 92516
19000 348165 92359
19000 335552 91594
19000 342725 91566
19000 331876 91584
19000 361900 91174
19000 342413 92031
19000 333010 92890
19000 358458 90946
19000 335717 92492
19000 347545 92195
19000 349658 91630
19000 331135 92293
19000 349069 90574
19000 329742 92080
19000 340662 91698
19000 364366 91575
19000 355662 91717
19000 345589 91649
19000 344285 92335
19000 354738 91339
19000 340838 91605
19000 331442 91915
19000 337260 92368
19000 342790 91101
19000 348725 91262
19000 338386 91500
19000 342262 91940
19000 354398 91810
19000 339013 91921
19000 340937 91337
19000 337115 92198
19000 358591 91425
19000 327573 92629
19000 341586 91078
19000 351870 91694
19000 327320 92948
19000 344326 92263
19000 352024 91200
19000 343722 92080
19000 348989 90935
19000 341199 91668
19000 343875 91687
19000 348217 91224
19000 337798 91677
19000 341773 91130
20000 352287 97984
20000 346010 97023
20000 361381 97125
20000 357381 97940
20000 389531 97379
20000 366493 97176
20000 388816 95397
20000 365829 97240
20000 370035 97168
20000 358176 97261
20000 368071 98032
20000 354982 97254
20000 361285 97357
20000 398366 95773
20000 375123 95943
20000 388920 96138
20000 382994 96215
20000 376815 97002
20000 367423 96129
20000 376109 96679
20000 367910 96429
20000 353801 97355
20000 367198 96370
20000 361198 97915
20000 379107 95894
20000 358435 97592
20000 378553 97415
20000 355979 96794
20000 360276 96897
20000 351889 98139
20000 358170 96732
20000 343803 97417
20000 384037 95624
20000 374076 95415
20000 374836 95922
20000 362532 97134
20000 377954 96800
20000 360232 96755
20000 356223 97084
20000 357742 96188
20000 353309 97245
20000 360570 96722
20000 360517 97464
20000 374057 96861
20000 368756 96007
20000 370734 96998
20000 395419 96799
20000 393706 96430
20000 352797 96924
20000 371540 96711
20000 347209 96942
20000 367540 96842
20000 362802 97096
20000 385119 96060
20000 377327 96039
20000 374693 96750
20000 357682 96384
20000 392017 98435
20000 371144 96023
20000 352855 98300
20000 387171 95453
20000 348730 97339
20000 377042 95875
20000 360250 96448
20000 371395 96395
20000 366684 95765
20000 403100 95408
20000 358250 96952
20000 372446 96278
20000 359747 97358
20000 353390 97209
20000 375805 97321
20000 357085 97108
20000 398363 96305
20000 376559 95638
20000 361730 97302
20000 356620 96782
20000 356757 96706
20000 358234 97741
20000 358948 97070
20000 380557 96078
20000 345131 97154
20000 346390 96926
20000 369411 97175
20000 373295 96459
20000 360229 97309
20000 372797 96351
20000 362714 96732
20000 382363 97275
20000 376326 96672
20000 382416 95980
20000 347387 97155
20000 362741 96497
20000 372256 96726
20000 361321 96969
20000 369275 96454
20000 372616 96316
20000 360553 96741
20000 382217 96373
20000 356370 96849
