10 37 28
10 23 14
10 44 35
10 36 27
10 29 20
10 37 28
10 38 29
10 29 20
10 29 20
10 24 15
10 27 18
10 37 28
10 36 27
10 39 30
10 33 24
10 31 22
10 31 22
10 34 25
10 24 15
10 30 21
10 23 14
10 28 19
10 36 27
10 31 22
10 43 34
10 23 14
10 17 8
10 22 13
10 31 22
10 23 14
10 38 29
10 29 20
10 33 24
10 19 10
10 32 23
10 33 24
10 27 18
10 27 18
10 31 22
10 27 18
10 31 22
10 24 15
10 40 31
10 24 15
10 36 27
10 44 35
10 27 18
10 25 16
10 31 22
10 33 24
10 39 30
10 33 24
10 28 19
10 34 25
10 36 27
10 22 13
10 27 18
10 40 31
10 31 22
10 38 29
10 18 9
10 38 29
10 29 20
10 31 22
10 39 30
10 39 30
10 37 28
10 32 23
10 25 16
10 30 21
10 33 24
10 39 30
10 34 25
10 31 22
10 33 24
10 38 29
10 40 31
10 30 21
10 33 24
10 27 18
10 26 17
10 31 22
10 35 26
10 31 22
10 36 27
10 25 16
10 28 19
10 36 27
10 43 34
10 31 22
10 30 21
10 36 27
10 33 24
10 23 14
10 25 16
10 37 28
10 34 25
10 30 21
10 30 21
10 42 33
20 99 80
20 142 123
20 112 93
20 96 77
20 118 99
20 123 104
20 119 100
20 127 108
20 83 64
20 95 76
20 96 77
20 91 72
20 99 80
20 121 102
20 77 58
20 113 94
20 122 103
20 108 89
20 115 96
20 102 83
20 112 93
20 104 85
20 146 127
20 137 118
20 142 123
20 116 97
20 137 118
20 128 109
20 128 109
20 106 87
20 110 91
20 122 103
20 87 68
20 108 89
20 123 104
20 101 82
20 104 85
20 114 95
20 117 98
20 95 76
20 98 79
20 70 51
20 129 110
20 152 133
20 88 69
20 110 91
20 105 86
20 103 84
20 131 112
20 104 85
20 117 98
20 102 83
20 107 88
20 104 85
20 127 108
20 103 84
20 99 80
20 95 76
20 126 107
20 112 93
20 120 101
20 111 92
20 123 104
20 115 96
20 95 76
20 102 83
20 117 98
20 142 123
20 107 88
20 124 105
20 109 90
20 107 88
20 101 82
20 124 105
20 101 82
20 117 98
20 128 109
20 116 97
20 85 66
20 101 82
20 125 106
20 89 70
20 120 101
20 119 100
20 85 66
20 97 78
20 103 84
20 105 86
20 102 83
20 108 89
20 88 69
20 127 108
20 102 83
20 105 86
20 111 92
20 128 109
20 85 66
20 135 116
20 126 107
20 131 112
30 240 211
30 228 199
30 235 206
30 251 222
30 272 243
30 223 194
30 198 169
30 209 180
30 284 255
30 239 210
30 280 251
30 199 170
30 222 193
30 191 162
30 206 177
30 277 248
30 238 209
30 268 239
30 280 251
30 234 205
30 264 235
30 242 213
30 264 235
30 219 190
30 215 186
30 265 236
30 237 208
30 215 186
30 211 182
30 293 264
30 258 229
30 206 177
30 275 246
30 258 229
30 254 225
30 250 221
30 197 168
30 268 239
30 226 197
30 201 172
30 250 221
30 252 223
30 214 185
30 269 240
30 242 213
30 258 229
30 251 222
30 260 231
30 213 184
30 242 213
30 204 175
30 245 216
30 194 165
30 267 238
30 242 213
30 226 197
30 227 198
30 216 187
30 260 231
30 237 208
30 249 220
30 240 211
30 237 208
30 262 233
30 272 243
30 278 249
30 278 249
30 235 206
30 260 231
30 213 184
30 240 211
30 251 222
30 218 189
30 263 234
30 223 194
30 280 251
30 255 226
30 264 235
30 234 205
30 185 156
30 213 184
30 248 219
30 261 232
30 265 236
30 270 241
30 245 216
30 240 211
30 240 211
30 197 168
30 243 214
30 215 186
30 288 259
30 255 226
30 227 198
30 279 250
30 203 174
30 179 150
30 248 219
30 249 220
30 264 235
40 496 457
40 339 300
40 442 403
40 484 445
40 407 368
40 491 452
40 487 448
40 393 354
40 438 399
40 348 309
40 449 410
40 410 371
40 425 386
40 420 381
40 425 386
40 464 425
40 367 328
40 483 444
40 458 419
40 453 414
40 415 376
40 381 342
40 372 333
40 419 380
40 438 399
40 357 318
40 322 283
40 329 290
40 413 374
40 399 360
40 482 443
40 423 384
40 467 428
40 439 400
40 399 360
40 424 385
40 455 416
40 419 380
40 355 316
40 428 389
40 341 302
40 461 422
40 415 376
40 478 439
40 443 404
40 461 422
40 445 406
40 374 335
40 380 341
40 368 329
40 467 428
40 482 443
40 530 491
40 380 341
40 436 397
40 354 315
40 454 415
40 450 411
40 405 366
40 405 366
40 477 438
40 443 404
40 416 377
40 397 358
40 464 425
40 388 349
40 325 286
40 385 346
40 437 398
40 501 462
40 384 345
40 372 333
40 467 428
40 452 413
40 394 355
40 335 296
40 505 466
40 376 337
40 465 426
40 509 470
40 477 438
40 517 478
40 396 357
40 437 398
40 442 403
40 345 306
40 458 419
40 448 409
40 414 375
40 483 444
40 428 389
40 511 472
40 394 355
40 419 380
40 387 348
40 484 445
40 423 384
40 400 361
40 448 409
40 479 440
50 716 667
50 697 648
50 702 653
50 596 547
50 660 611
50 598 549
50 715 666
50 627 578
50 628 579
50 619 570
50 597 548
50 651 602
50 672 623
50 645 596
50 761 712
50 670 621
50 659 610
50 717 668
50 720 671
50 593 544
50 649 600
50 643 594
50 701 652
50 599 550
50 657 608
50 652 603
50 617 568
50 619 570
50 617 568
50 705 656
50 582 533
50 682 633
50 733 684
50 746 697
50 612 563
50 673 624
50 685 636
50 730 681
50 788 739
50 586 537
50 625 576
50 592 543
50 713 664
50 692 643
50 683 634
50 603 554
50 701 652
50 689 640
50 652 603
50 687 638
50 598 549
50 707 658
50 506 457
50 668 619
50 686 637
50 734 685
50 759 710
50 593 544
50 627 578
50 696 647
50 629 580
50 718 669
50 654 605
50 723 674
50 722 673
50 644 595
50 642 593
50 602 553
50 586 537
50 733 684
50 700 651
50 668 619
50 657 608
50 618 569
50 746 697
50 697 648
50 687 638
50 614 565
50 612 563
50 615 566
50 620 571
50 663 614
50 644 595
50 638 589
50 681 632
50 699 650
50 581 532
50 701 652
50 489 440
50 576 527
50 684 635
50 606 557
50 614 565
50 672 623
50 589 540
50 699 650
50 516 467
50 636 587
50 663 614
50 711 662
60 866 807
60 955 896
60 928 869
60 785 726
60 885 826
60 958 899
60 999 940
60 928 869
60 902 843
60 879 820
60 1003 944
60 1013 954
60 986 927
60 924 865
60 1017 958
60 901 842
60 909 850
60 1042 983
60 999 940
60 1007 948
60 896 837
60 986 927
60 918 859
60 816 757
60 1152 1093
60 832 773
60 977 918
60 1046 987
60 889 830
60 937 878
60 835 776
60 946 887
60 988 929
60 953 894
60 934 875
60 832 773
60 932 873
60 917 858
60 971 912
60 1131 1072
60 892 833
60 929 870
60 777 718
60 917 858
60 935 876
60 968 909
60 830 771
60 992 933
60 746 687
60 897 838
60 993 934
60 1017 958
60 840 781
60 883 824
60 1125 1066
60 979 920
60 994 935
60 943 884
60 883 824
60 851 792
60 986 927
60 946 887
60 847 788
60 994 935
60 903 844
60 957 898
60 965 906
60 997 938
60 953 894
60 861 802
60 988 929
60 865 806
60 811 752
60 973 914
60 919 860
60 1051 992
60 964 905
60 919 860
60 1041 982
60 945 886
60 914 855
60 873 814
60 1019 960
60 955 896
60 835 776
60 941 882
60 978 919
60 965 906
60 727 668
60 943 884
60 797 738
60 1056 997
60 939 880
60 1004 945
60 907 848
60 975 916
60 831 772
60 951 892
60 1081 1022
60 943 884
70 1368 1299
70 1213 1144
70 1256 1187
70 1161 1092
70 1387 1318
70 1285 1216
70 1267 1198
70 1321 1252
70 1405 1336
70 1468 1399
70 1224 1155
70 1359 1290
70 1292 1223
70 1250 1181
70 1300 1231
70 1303 1234
70 1493 1424
70 1271 1202
70 1447 1378
70 933 864
70 1255 1186
70 1243 1174
70 1294 1225
70 1201 1132
70 1152 1083
70 1065 996
70 1233 1164
70 1226 1157
70 1312 1243
70 1275 1206
70 1247 1178
70 1161 1092
70 1313 1244
70 1203 1134
70 1377 1308
70 1235 1166
70 1259 1190
70 1225 1156
70 1292 1223
70 1214 1145
70 1203 1134
70 1220 1151
70 1180 1111
70 1313 1244
70 1158 1089
70 1402 1333
70 1348 1279
70 1336 1267
70 1225 1156
70 1147 1078
70 1251 1182
70 1466 1397
70 1313 1244
70 1144 1075
70 1096 1027
70 1337 1268
70 1224 1155
70 1192 1123
70 1287 1218
70 1188 1119
70 1339 1270
70 1260 1191
70 1127 1058
70 1226 1157
70 1316 1247
70 1208 1139
70 1271 1202
70 1124 1055
70 1302 1233
70 1148 1079
70 1365 1296
70 1300 1231
70 1276 1207
70 1299 1230
70 1271 1202
70 1340 1271
70 1374 1305
70 1229 1160
70 1311 1242
70 1436 1367
70 1343 1274
70 1162 1093
70 1054 985
70 1214 1145
70 1329 1260
70 1043 974
70 1080 1011
70 1059 990
70 1284 1215
70 1259 1190
70 1314 1245
70 1176 1107
70 1314 1245
70 1199 1130
70 1478 1409
70 1166 1097
70 1295 1226
70 1237 1168
70 1414 1345
70 1308 1239
80 1617 1538
80 1644 1565
80 1594 1515
80 1381 1302
80 1749 1670
80 1694 1615
80 1701 1622
80 1593 1514
80 1787 1708
80 1694 1615
80 1634 1555
80 1452 1373
80 1660 1581
80 1383 1304
80 1527 1448
80 1796 1717
80 1855 1776
80 1457 1378
80 1720 1641
80 1693 1614
80 1536 1457
80 1620 1541
80 1719 1640
80 1447 1368
80 1877 1798
80 1811 1732
80 1344 1265
80 1675 1596
80 1711 1632
80 1599 1520
80 1761 1682
80 1828 1749
80 1595 1516
80 1533 1454
80 1674 1595
80 1415 1336
80 1560 1481
80 1797 1718
80 1585 1506
80 1783 1704
80 1730 1651
80 1689 1610
80 1809 1730
80 1802 1723
80 1901 1822
80 1566 1487
80 1570 1491
80 1604 1525
80 1549 1470
80 1653 1574
80 1604 1525
80 1678 1599
80 1608 1529
80 1593 1514
80 1818 1739
80 1703 1624
80 1578 1499
80 1646 1567
80 1583 1504
80 1883 1804
80 1732 1653
80 1505 1426
80 1779 1700
80 1767 1688
80 1513 1434
80 1564 1485
80 1657 1578
80 1784 1705
80 1581 1502
80 1792 1713
80 1642 1563
80 1777 1698
80 1652 1573
80 1540 1461
80 1562 1483
80 1679 1600
80 1916 1837
80 1812 1733
80 1535 1456
80 1696 1617
80 1739 1660
80 1293 1214
80 1605 1526
80 1718 1639
80 1612 1533
80 1522 1443
80 1761 1682
80 1766 1687
80 1685 1606
80 1634 1555
80 1871 1792
80 1569 1490
80 1664 1585
80 1817 1738
80 1645 1566
80 1645 1566
80 1632 1553
80 1861 1782
80 1631 1552
80 1663 1584
90 2230 2141
90 1902 1813
90 2101 2012
90 1796 1707
90 2124 2035
90 2030 1941
90 2139 2050
90 2045 1956
90 2050 1961
90 2067 1978
90 2133 2044
90 2319 2230
90 2187 2098
90 2108 2019
90 2075 1986
90 1935 1846
90 1966 1877
90 2029 1940
90 1867 1778
90 1953 1864
90 2061 1972
90 2138 2049
90 2312 2223
90 2325 2236
90 1952 1863
90 2021 1932
90 1826 1737
90 2017 1928
90 2185 2096
90 2228 2139
90 2026 1937
90 1816 1727
90 2117 2028
90 2036 1947
90 2330 2241
90 2049 1960
90 2334 2245
90 2169 2080
90 2084 1995
90 1991 1902
90 1717 1628
90 2112 2023
90 1882 1793
90 2040 1951
90 2130 2041
90 2367 2278
90 1893 1804
90 1755 1666
90 1960 1871
90 2178 2089
90 2140 2051
90 1905 1816
90 2302 2213
90 2081 1992
90 2307 2218
90 1998 1909
90 2008 1919
90 2050 1961
90 2291 2202
90 2006 1917
90 2204 2115
90 2023 1934
90 1844 1755
90 2004 1915
90 1840 1751
90 2002 1913
90 2181 2092
90 2093 2004
90 1925 1836
90 2072 1983
90 2277 2188
90 1939 1850
90 1943 1854
90 2106 2017
90 2138 2049
90 1932 1843
90 1878 1789
90 2150 2061
90 2126 2037
90 2224 2135
90 2085 1996
90 2066 1977
90 1868 1779
90 1792 1703
90 2109 2020
90 1779 1690
90 1965 1876
90 2202 2113
90 2297 2208
90 2118 2029
90 2062 1973
90 1834 1745
90 1973 1884
90 2185 2096
90 1828 1739
90 2234 2145
90 2051 1962
90 1915 1826
90 2004 1915
90 2366 2277
100 2708 2609
100 2415 2316
100 2928 2829
100 2511 2412
100 2501 2402
100 2656 2557
100 2518 2419
100 2683 2584
100 2870 2771
100 2725 2626
100 2703 2604
100 2732 2633
100 2719 2620
100 2648 2549
100 2644 2545
100 2494 2395
100 2717 2618
100 2844 2745
100 2584 2485
100 2211 2112
100 2862 2763
100 2488 2389
100 2687 2588
100 2389 2290
100 2724 2625
100 2788 2689
100 2523 2424
100 2547 2448
100 2601 2502
100 2564 2465
100 2278 2179
100 2432 2333
100 2630 2531
100 2449 2350
100 3023 2924
100 2717 2618
100 2441 2342
100 2670 2571
100 2458 2359
100 2409 2310
100 2794 2695
100 2392 2293
100 2713 2614
100 2878 2779
100 2331 2232
100 2623 2524
100 2536 2437
100 2701 2602
100 2299 2200
100 2426 2327
100 2539 2440
100 2527 2428
100 2476 2377
100 2495 2396
100 2696 2597
100 2460 2361
100 2391 2292
100 2707 2608
100 2391 2292
100 2551 2452
100 2395 2296
100 2497 2398
100 2573 2474
100 2497 2398
100 2250 2151
100 2427 2328
100 2732 2633
100 2588 2489
100 2531 2432
100 2429 2330
100 2756 2657
100 2636 2537
100 2473 2374
100 2809 2710
100 2684 2585
100 2449 2350
100 2667 2568
100 2269 2170
100 2627 2528
100 2587 2488
100 2572 2473
100 2590 2491
100 2865 2766
100 2648 2549
100 2887 2788
100 2633 2534
100 2570 2471
100 2521 2422
100 2507 2408
100 2577 2478
100 2516 2417
100 2606 2507
100 2641 2542
100 2549 2450
100 2341 2242
100 2326 2227
100 2334 2235
100 2392 2293
100 2530 2431
100 2588 2489
110 3314 3205
110 3430 3321
110 3115 3006
110 3019 2910
110 3108 2999
110 3458 3349
110 3060 2951
110 3265 3156
110 3318 3209
110 2766 2657
110 3223 3114
110 2899 2790
110 3195 3086
110 3226 3117
110 3238 3129
110 2976 2867
110 3002 2893
110 2923 2814
110 3287 3178
110 3094 2985
110 2883 2774
110 2893 2784
110 3419 3310
110 3185 3076
110 3188 3079
110 2955 2846
110 3087 2978
110 3474 3365
110 3236 3127
110 2740 2631
110 3520 3411
110 3162 3053
110 3248 3139
110 3407 3298
110 3315 3206
110 3101 2992
110 2807 2698
110 2914 2805
110 3186 3077
110 3318 3209
110 3173 3064
110 3133 3024
110 3235 3126
110 3277 3168
110 2838 2729
110 3238 3129
110 3343 3234
110 2960 2851
110 2911 2802
110 3240 3131
110 3304 3195
110 3225 3116
110 3044 2935
110 2680 2571
110 3352 3243
110 3242 3133
110 3395 3286
110 3330 3221
110 3291 3182
110 2842 2733
110 2935 2826
110 3242 3133
110 3135 3026
110 3279 3170
110 2980 2871
110 3237 3128
110 3158 3049
110 3133 3024
110 3143 3034
110 2954 2845
110 3139 3030
110 2931 2822
110 3175 3066
110 3006 2897
110 3029 2920
110 3480 3371
110 3199 3090
110 2961 2852
110 3097 2988
110 2905 2796
110 2772 2663
110 2996 2887
110 3120 3011
110 3054 2945
110 2934 2825
110 3127 3018
110 3294 3185
110 3075 2966
110 3000 2891
110 2639 2530
110 2944 2835
110 3373 3264
110 3082 2973
110 3196 3087
110 3394 3285
110 2942 2833
110 3185 3076
110 2657 2548
110 3014 2905
110 3003 2894
120 4149 4030
120 3841 3722
120 3930 3811
120 3688 3569
120 3521 3402
120 3704 3585
120 3333 3214
120 3554 3435
120 3777 3658
120 3401 3282
120 4143 4024
120 3883 3764
120 3978 3859
120 3966 3847
120 3538 3419
120 3426 3307
120 3603 3484
120 3951 3832
120 3853 3734
120 3494 3375
120 3505 3386
120 3750 3631
120 3314 3195
120 3934 3815
120 3872 3753
120 3945 3826
120 3786 3667
120 3788 3669
120 3813 3694
120 3676 3557
120 4030 3911
120 3719 3600
120 3840 3721
120 3332 3213
120 3671 3552
120 3548 3429
120 3901 3782
120 3632 3513
120 3796 3677
120 3471 3352
120 3869 3750
120 3279 3160
120 3725 3606
120 3791 3672
120 3637 3518
120 3724 3605
120 3606 3487
120 3870 3751
120 3748 3629
120 3641 3522
120 3265 3146
120 3840 3721
120 3773 3654
120 3348 3229
120 3961 3842
120 3870 3751
120 3941 3822
120 3750 3631
120 3724 3605
120 3435 3316
120 3589 3470
120 3487 3368
120 3773 3654
120 3461 3342
120 3892 3773
120 3581 3462
120 3600 3481
120 3725 3606
120 3402 3283
120 3816 3697
120 3226 3107
120 3367 3248
120 3854 3735
120 3733 3614
120 3416 3297
120 3955 3836
120 3835 3716
120 3916 3797
120 3582 3463
120 4071 3952
120 3583 3464
120 4171 4052
120 3839 3720
120 3682 3563
120 3883 3764
120 4104 3985
120 3830 3711
120 3749 3630
120 3528 3409
120 3397 3278
120 3571 3452
120 3249 3130
120 3642 3523
120 3784 3665
120 3354 3235
120 3705 3586
120 3677 3558
120 3569 3450
120 3673 3554
120 3676 3557
130 4415 4286
130 4542 4413
130 4169 4040
130 4038 3909
130 4305 4176
130 4656 4527
130 4322 4193
130 4561 4432
130 3934 3805
130 4256 4127
130 4569 4440
130 4007 3878
130 3840 3711
130 3828 3699
130 4237 4108
130 4382 4253
130 4751 4622
130 4563 4434
130 4667 4538
130 4113 3984
130 4312 4183
130 4381 4252
130 4688 4559
130 4117 3988
130 4437 4308
130 4542 4413
130 4371 4242
130 4314 4185
130 4170 4041
130 4125 3996
130 4251 4122
130 4293 4164
130 4447 4318
130 4579 4450
130 4331 4202
130 4613 4484
130 4682 4553
130 4572 4443
130 4362 4233
130 4206 4077
130 4263 4134
130 4284 4155
130 4170 4041
130 4484 4355
130 4203 4074
130 4131 4002
130 4128 3999
130 3909 3780
130 4625 4496
130 4317 4188
130 4361 4232
130 4337 4208
130 4588 4459
130 4054 3925
130 4415 4286
130 4099 3970
130 3772 3643
130 4568 4439
130 4174 4045
130 4570 4441
130 4649 4520
130 4379 4250
130 4183 4054
130 4366 4237
130 4059 3930
130 4045 3916
130 4135 4006
130 4448 4319
130 3995 3866
130 4439 4310
130 4412 4283
130 4602 4473
130 4562 4433
130 4260 4131
130 4554 4425
130 4170 4041
130 4380 4251
130 4624 4495
130 4308 4179
130 3719 3590
130 4161 4032
130 4204 4075
130 3887 3758
130 4205 4076
130 4504 4375
130 4138 4009
130 4521 4392
130 4624 4495
130 4610 4481
130 4105 3976
130 4235 4106
130 4125 3996
130 4297 4168
130 4552 4423
130 4512 4383
130 4157 4028
130 4048 3919
130 4076 3947
130 4465 4336
130 4594 4465
140 5241 5102
140 4865 4726
140 4949 4810
140 5171 5032
140 5291 5152
140 5095 4956
140 4991 4852
140 5123 4984
140 5106 4967
140 4768 4629
140 4928 4789
140 4876 4737
140 5335 5196
140 4865 4726
140 4715 4576
140 5136 4997
140 4697 4558
140 4938 4799
140 4876 4737
140 5202 5063
140 5151 5012
140 5301 5162
140 5077 4938
140 5095 4956
140 4658 4519
140 5119 4980
140 4570 4431
140 5058 4919
140 4853 4714
140 4865 4726
140 4773 4634
140 5303 5164
140 4855 4716
140 5493 5354
140 5296 5157
140 5229 5090
140 5062 4923
140 5453 5314
140 5402 5263
140 4844 4705
140 5025 4886
140 4886 4747
140 5309 5170
140 5333 5194
140 4961 4822
140 5024 4885
140 4587 4448
140 4705 4566
140 4712 4573
140 4989 4850
140 5134 4995
140 4696 4557
140 4985 4846
140 5160 5021
140 5058 4919
140 4624 4485
140 4935 4796
140 4700 4561
140 4897 4758
140 4627 4488
140 5060 4921
140 5257 5118
140 5254 5115
140 5684 5545
140 5687 5548
140 4735 4596
140 5171 5032
140 5193 5054
140 5097 4958
140 4863 4724
140 4786 4647
140 4821 4682
140 4388 4249
140 5117 4978
140 4946 4807
140 5122 4983
140 5148 5009
140 4734 4595
140 4872 4733
140 4672 4533
140 5290 5151
140 5177 5038
140 5265 5126
140 5153 5014
140 5082 4943
140 4721 4582
140 5284 5145
140 5042 4903
140 5150 5011
140 4895 4756
140 4787 4648
140 4782 4643
140 5294 5155
140 4751 4612
140 4817 4678
140 4403 4264
140 5487 5348
140 5110 4971
140 5027 4888
140 4996 4857
150 5833 5684
150 5850 5701
150 6057 5908
150 5407 5258
150 5487 5338
150 6222 6073
150 6078 5929
150 5570 5421
150 5739 5590
150 6095 5946
150 5711 5562
150 5407 5258
150 5750 5601
150 5564 5415
150 5650 5501
150 5785 5636
150 5519 5370
150 5658 5509
150 5772 5623
150 6625 6476
150 5399 5250
150 5845 5696
150 5819 5670
150 5895 5746
150 6024 5875
150 5344 5195
150 5164 5015
150 5494 5345
150 5967 5818
150 5675 5526
150 5948 5799
150 5511 5362
150 5990 5841
150 5520 5371
150 5295 5146
150 5403 5254
150 5989 5840
150 5705 5556
150 5549 5400
150 5922 5773
150 5522 5373
150 5543 5394
150 5010 4861
150 5794 5645
150 6279 6130
150 5133 4984
150 5533 5384
150 5629 5480
150 5942 5793
150 5907 5758
150 5594 5445
150 6444 6295
150 5945 5796
150 5464 5315
150 5392 5243
150 6005 5856
150 6281 6132
150 5563 5414
150 6140 5991
150 6088 5939
150 5582 5433
150 5615 5466
150 5749 5600
150 5765 5616
150 6031 5882
150 5633 5484
150 5382 5233
150 5840 5691
150 5429 5280
150 5526 5377
150 5587 5438
150 6266 6117
150 6410 6261
150 5580 5431
150 5866 5717
150 5272 5123
150 5649 5500
150 5717 5568
150 6160 6011
150 5242 5093
150 5735 5586
150 5738 5589
150 5663 5514
150 5917 5768
150 5711 5562
150 5787 5638
150 5190 5041
150 5642 5493
150 5796 5647
150 6150 6001
150 5563 5414
150 5453 5304
150 6179 6030
150 5577 5428
150 5525 5376
150 5586 5437
150 5426 5277
150 6311 6162
150 5566 5417
150 5445 5296
160 6591 6432
160 6458 6299
160 7220 7061
160 6338 6179
160 6389 6230
160 6906 6747
160 6444 6285
160 6350 6191
160 6291 6132
160 6969 6810
160 6287 6128
160 6353 6194
160 6837 6678
160 6856 6697
160 6333 6174
160 6593 6434
160 6509 6350
160 6320 6161
160 6727 6568
160 6334 6175
160 6680 6521
160 6126 5967
160 6234 6075
160 6229 6070
160 6782 6623
160 5680 5521
160 6875 6716
160 6534 6375
160 6395 6236
160 6477 6318
160 6392 6233
160 6131 5972
160 6730 6571
160 6220 6061
160 6268 6109
160 6794 6635
160 5921 5762
160 7060 6901
160 6613 6454
160 6603 6444
160 6172 6013
160 6533 6374
160 5953 5794
160 6157 5998
160 6436 6277
160 7152 6993
160 6850 6691
160 6035 5876
160 5815 5656
160 6176 6017
160 6616 6457
160 6744 6585
160 6263 6104
160 7107 6948
160 6261 6102
160 6488 6329
160 6569 6410
160 6509 6350
160 6483 6324
160 6466 6307
160 6157 5998
160 6787 6628
160 6861 6702
160 7042 6883
160 6213 6054
160 7002 6843
160 6517 6358
160 5818 5659
160 6482 6323
160 6675 6516
160 6850 6691
160 6534 6375
160 6687 6528
160 6280 6121
160 6891 6732
160 5894 5735
160 6450 6291
160 6422 6263
160 6070 5911
160 7078 6919
160 6760 6601
160 6829 6670
160 7417 7258
160 7333 7174
160 6623 6464
160 6006 5847
160 6297 6138
160 6786 6627
160 6711 6552
160 6488 6329
160 5793 5634
160 6085 5926
160 5922 5763
160 7053 6894
160 6802 6643
160 5650 5491
160 6283 6124
160 6245 6086
160 6051 5892
160 6954 6795
170 7361 7192
170 7298 7129
170 7722 7553
170 7738 7569
170 7256 7087
170 7009 6840
170 7277 7108
170 7484 7315
170 7125 6956
170 6778 6609
170 7389 7220
170 7617 7448
170 6910 6741
170 7618 7449
170 7241 7072
170 7430 7261
170 7418 7249
170 7205 7036
170 7524 7355
170 6724 6555
170 7336 7167
170 6589 6420
170 7199 7030
170 6871 6702
170 7531 7362
170 7576 7407
170 6770 6601
170 7092 6923
170 7455 7286
170 7719 7550
170 7769 7600
170 7555 7386
170 7284 7115
170 6963 6794
170 6963 6794
170 7111 6942
170 7395 7226
170 6939 6770
170 8165 7996
170 7354 7185
170 8221 8052
170 7440 7271
170 7011 6842
170 7560 7391
170 7096 6927
170 6591 6422
170 6889 6720
170 7108 6939
170 7786 7617
170 6411 6242
170 6767 6598
170 7161 6992
170 6712 6543
170 6741 6572
170 6623 6454
170 7565 7396
170 7389 7220
170 7805 7636
170 6473 6304
170 7571 7402
170 7411 7242
170 7153 6984
170 7273 7104
170 7749 7580
170 7812 7643
170 7443 7274
170 6854 6685
170 6882 6713
170 7306 7137
170 7886 7717
170 7901 7732
170 7359 7190
170 7418 7249
170 7374 7205
170 7375 7206
170 6573 6404
170 7648 7479
170 7100 6931
170 7246 7077
170 7364 7195
170 7276 7107
170 6897 6728
170 7273 7104
170 7281 7112
170 7293 7124
170 7590 7421
170 7276 7107
170 7519 7350
170 7008 6839
170 6985 6816
170 7396 7227
170 7948 7779
170 7668 7499
170 7629 7460
170 7569 7400
170 7190 7021
170 7700 7531
170 7158 6989
170 7560 7391
170 7265 7096
180 7787 7608
180 8070 7891
180 7134 6955
180 8221 8042
180 8081 7902
180 8881 8702
180 8560 8381
180 8238 8059
180 7916 7737
180 8962 8783
180 7900 7721
180 8204 8025
180 8205 8026
180 8775 8596
180 8248 8069
180 8511 8332
180 8374 8195
180 8402 8223
180 8249 8070
180 8751 8572
180 8282 8103
180 8541 8362
180 8065 7886
180 8297 8118
180 8000 7821
180 8053 7874
180 8429 8250
180 8740 8561
180 8544 8365
180 8849 8670
180 8013 7834
180 8981 8802
180 7937 7758
180 8586 8407
180 7711 7532
180 8461 8282
180 8711 8532
180 8053 7874
180 8321 8142
180 7991 7812
180 8212 8033
180 8555 8376
180 8787 8608
180 8196 8017
180 8365 8186
180 8430 8251
180 8069 7890
180 8117 7938
180 8788 8609
180 8631 8452
180 8715 8536
180 7558 7379
180 7920 7741
180 7961 7782
180 8780 8601
180 7966 7787
180 7774 7595
180 8139 7960
180 8659 8480
180 7767 7588
180 7883 7704
180 8231 8052
180 8061 7882
180 9025 8846
180 7885 7706
180 8405 8226
180 7731 7552
180 8375 8196
180 8170 7991
180 8074 7895
180 8287 8108
180 8607 8428
180 8442 8263
180 7887 7708
180 7736 7557
180 8386 8207
180 7381 7202
180 8112 7933
180 9045 8866
180 8836 8657
180 7880 7701
180 8276 8097
180 8018 7839
180 7528 7349
180 8578 8399
180 7884 7705
180 7830 7651
180 7401 7222
180 9153 8974
180 8232 8053
180 8674 8495
180 8363 8184
180 8414 8235
180 8037 7858
180 8377 8198
180 7727 7548
180 7965 7786
180 7644 7465
180 7715 7536
180 8054 7875
190 9777 9588
190 9418 9229
190 9935 9746
190 7895 7706
190 8956 8767
190 9774 9585
190 9363 9174
190 8459 8270
190 9116 8927
190 9186 8997
190 9822 9633
190 9101 8912
190 10043 9854
190 9410 9221
190 9449 9260
190 9242 9053
190 9270 9081
190 8809 8620
190 8281 8092
190 8400 8211
190 8774 8585
190 9215 9026
190 9201 9012
190 9108 8919
190 8830 8641
190 9650 9461
190 8739 8550
190 9086 8897
190 10196 10007
190 9332 9143
190 9494 9305
190 9185 8996
190 8945 8756
190 8972 8783
190 9031 8842
190 9507 9318
190 8704 8515
190 8878 8689
190 9618 9429
190 8520 8331
190 8700 8511
190 8557 8368
190 8636 8447
190 9885 9696
190 8883 8694
190 9583 9394
190 9419 9230
190 9187 8998
190 9402 9213
190 8768 8579
190 8873 8684
190 9244 9055
190 9240 9051
190 9516 9327
190 9120 8931
190 9038 8849
190 8946 8757
190 8980 8791
190 9100 8911
190 8596 8407
190 8265 8076
190 9265 9076
190 9263 9074
190 9636 9447
190 9447 9258
190 10303 10114
190 9218 9029
190 9487 9298
190 8881 8692
190 8950 8761
190 9519 9330
190 9105 8916
190 9524 9335
190 8851 8662
190 8808 8619
190 9723 9534
190 8846 8657
190 9367 9178
190 8659 8470
190 9614 9425
190 8888 8699
190 9090 8901
190 9766 9577
190 9206 9017
190 9086 8897
190 9280 9091
190 8987 8798
190 8564 8375
190 8731 8542
190 8074 7885
190 8908 8719
190 8956 8767
190 9337 9148
190 8826 8637
190 9470 9281
190 9566 9377
190 9763 9574
190 9461 9272
190 8898 8709
190 9318 9129
200 10606 10407
200 9918 9719
200 9975 9776
200 9723 9524
200 10019 9820
200 10017 9818
200 10288 10089
200 10046 9847
200 9989 9790
200 9889 9690
200 9550 9351
200 10000 9801
200 10783 10584
200 10263 10064
200 9863 9664
200 10311 10112
200 10267 10068
200 10525 10326
200 9388 9189
200 9612 9413
200 10001 9802
200 10306 10107
200 10712 10513
200 9988 9789
200 10358 10159
200 10461 10262
200 10809 10610
200 9847 9648
200 9632 9433
200 10098 9899
200 11002 10803
200 9720 9521
200 10271 10072
200 9772 9573
200 9929 9730
200 9940 9741
200 9571 9372
200 9927 9728
200 9961 9762
200 9799 9600
200 10280 10081
200 9707 9508
200 10069 9870
200 9888 9689
200 10322 10123
200 9697 9498
200 9491 9292
200 10890 10691
200 9824 9625
200 10452 10253
200 9810 9611
200 10465 10266
200 10109 9910
200 10018 9819
200 9628 9429
200 10328 10129
200 9872 9673
200 9744 9545
200 10531 10332
200 10531 10332
200 10497 10298
200 10847 10648
200 10241 10042
200 10381 10182
200 9930 9731
200 10672 10473
200 10037 9838
200 10633 10434
200 9406 9207
200 10541 10342
200 10029 9830
200 10082 9883
200 10054 9855
200 9830 9631
200 9706 9507
200 9995 9796
200 10282 10083
200 9475 9276
200 9957 9758
200 10476 10277
200 10438 10239
200 10260 10061
200 10460 10261
200 10646 10447
200 9886 9687
200 10537 10338
200 9944 9745
200 10232 10033
200 8810 8611
200 10880 10681
200 10639 10440
200 10941 10742
200 9507 9308
200 10071 9872
200 10960 10761
200 10010 9811
200 10324 10125
200 9911 9712
200 10157 9958
200 9960 9761
