10 24 34
10 23 34
10 23 34
10 24 34
10 24 34
10 23 34
10 25 34
10 24 34
10 25 34
10 22 34
10 23 34
10 20 34
10 21 34
10 22 34
10 23 34
10 25 34
10 23 34
10 25 34
10 24 34
10 22 34
10 25 34
10 19 34
10 24 34
10 22 34
10 23 34
10 21 34
10 21 34
10 21 34
10 20 34
10 20 34
10 23 34
10 24 34
10 22 34
10 22 34
10 23 34
10 24 34
10 23 34
10 22 34
10 23 34
10 19 34
10 21 34
10 23 34
10 24 34
10 23 34
10 19 34
10 25 34
10 22 34
10 21 34
10 23 34
10 22 34
10 24 34
10 24 34
10 23 34
10 21 34
10 25 34
10 22 34
10 23 34
10 24 34
10 24 34
10 18 34
10 22 34
10 25 34
10 24 34
10 23 34
10 23 34
10 25 34
10 24 34
10 22 34
10 23 34
10 25 34
10 23 34
10 24 34
10 23 34
10 24 34
10 24 34
10 23 34
10 24 34
10 23 34
10 24 34
10 22 34
10 24 34
10 24 34
10 24 34
10 22 34
10 23 34
10 24 34
10 22 34
10 23 34
10 24 34
10 22 34
10 20 34
10 22 34
10 21 34
10 20 34
10 23 34
10 23 34
10 19 34
10 21 34
10 22 34
10 22 34
20 65 88
20 60 88
20 67 88
20 66 88
20 66 88
20 63 88
20 63 88
20 62 88
20 65 88
20 61 88
20 64 88
20 65 88
20 63 88
20 65 88
20 65 88
20 65 88
20 62 88
20 66 88
20 62 88
20 62 88
20 61 88
20 63 88
20 65 88
20 68 88
20 64 88
20 66 88
20 62 88
20 62 88
20 62 88
20 66 88
20 58 88
20 65 88
20 58 88
20 60 88
20 60 88
20 66 88
20 63 88
20 65 88
20 63 88
20 63 88
20 65 88
20 62 88
20 63 88
20 64 88
20 64 88
20 65 88
20 63 88
20 68 88
20 61 88
20 61 88
20 66 88
20 65 88
20 65 88
20 66 88
20 63 88
20 66 88
20 66 88
20 64 88
20 62 88
20 62 88
20 60 88
20 64 88
20 60 88
20 66 88
20 63 88
20 59 88
20 59 88
20 61 88
20 64 88
20 60 88
20 59 88
20 60 88
20 61 88
20 65 88
20 63 88
20 57 88
20 67 88
20 62 88
20 64 88
20 64 88
20 59 88
20 64 88
20 57 88
20 66 88
20 65 88
20 65 88
20 60 88
20 60 88
20 64 88
20 65 88
20 65 88
20 65 88
20 62 88
20 61 88
20 64 88
20 63 88
20 64 88
20 60 88
20 66 88
20 64 88
30 109 148
30 114 148
30 113 148
30 109 148
30 116 148
30 116 148
30 112 148
30 110 148
30 109 148
30 110 148
30 110 148
30 105 148
30 111 148
30 112 148
30 110 148
30 112 148
30 109 148
30 117 148
30 109 148
30 114 148
30 109 148
30 114 148
30 115 148
30 112 148
30 109 148
30 106 148
30 115 148
30 115 148
30 109 148
30 108 148
30 110 148
30 112 148
30 112 148
30 116 148
30 109 148
30 111 148
30 109 148
30 109 148
30 111 148
30 112 148
30 107 148
30 114 148
30 113 148
30 113 148
30 112 148
30 111 148
30 114 148
30 110 148
30 109 148
30 109 148
30 111 148
30 111 148
30 108 148
30 111 148
30 102 148
30 113 148
30 114 148
30 111 148
30 110 148
30 106 148
30 109 148
30 110 148
30 109 148
30 113 148
30 111 148
30 110 148
30 110 148
30 113 148
30 113 148
30 109 148
30 114 148
30 114 148
30 114 148
30 108 148
30 115 148
30 105 148
30 109 148
30 113 148
30 112 148
30 114 148
30 114 148
30 111 148
30 110 148
30 115 148
30 107 148
30 110 148
30 115 148
30 113 148
30 113 148
30 109 148
30 111 148
30 111 148
30 108 148
30 109 148
30 111 148
30 108 148
30 112 148
30 106 148
30 111 148
30 116 148
40 160 216
40 166 216
40 164 216
40 164 216
40 163 216
40 167 216
40 166 216
40 162 216
40 154 216
40 165 216
40 166 216
40 160 216
40 160 216
40 159 216
40 168 216
40 159 216
40 165 216
40 165 216
40 167 216
40 167 216
40 170 216
40 165 216
40 169 216
40 170 216
40 161 216
40 157 216
40 162 216
40 164 216
40 171 216
40 164 216
40 167 216
40 166 216
40 173 216
40 160 216
40 166 216
40 162 216
40 165 216
40 159 216
40 160 216
40 171 216
40 161 216
40 162 216
40 158 216
40 163 216
40 162 216
40 159 216
40 164 216
40 160 216
40 165 216
40 164 216
40 163 216
40 162 216
40 166 216
40 166 216
40 158 216
40 156 216
40 166 216
40 171 216
40 164 216
40 167 216
40 164 216
40 167 216
40 166 216
40 166 216
40 171 216
40 164 216
40 163 216
40 166 216
40 163 216
40 165 216
40 166 216
40 166 216
40 160 216
40 168 216
40 166 216
40 170 216
40 165 216
40 169 216
40 170 216
40 169 216
40 166 216
40 168 216
40 166 216
40 169 216
40 167 216
40 161 216
40 159 216
40 164 216
40 166 216
40 165 216
40 161 216
40 165 216
40 160 216
40 168 216
40 167 216
40 166 216
40 168 216
40 169 216
40 167 216
40 166 216
50 219 286
50 226 286
50 220 286
50 221 286
50 221 286
50 223 286
50 222 286
50 212 286
50 225 286
50 226 286
50 219 286
50 216 286
50 216 286
50 223 286
50 226 286
50 219 286
50 219 286
50 221 286
50 220 286
50 218 286
50 222 286
50 214 286
50 221 286
50 223 286
50 224 286
50 224 286
50 225 286
50 227 286
50 218 286
50 212 286
50 221 286
50 222 286
50 224 286
50 218 286
50 227 286
50 221 286
50 220 286
50 227 286
50 219 286
50 224 286
50 220 286
50 231 286
50 218 286
50 220 286
50 227 286
50 221 286
50 227 286
50 219 286
50 228 286
50 221 286
50 225 286
50 229 286
50 227 286
50 220 286
50 220 286
50 223 286
50 222 286
50 227 286
50 224 286
50 227 286
50 221 286
50 217 286
50 224 286
50 222 286
50 217 286
50 226 286
50 226 286
50 233 286
50 223 286
50 224 286
50 215 286
50 223 286
50 226 286
50 227 286
50 225 286
50 217 286
50 221 286
50 217 286
50 223 286
50 225 286
50 224 286
50 221 286
50 220 286
50 217 286
50 224 286
50 221 286
50 225 286
50 221 286
50 217 286
50 219 286
50 221 286
50 227 286
50 215 286
50 227 286
50 216 286
50 222 286
50 227 286
50 222 286
50 221 286
50 226 286
60 277 356
60 286 356
60 279 356
60 277 356
60 283 356
60 281 356
60 287 356
60 279 356
60 279 356
60 276 356
60 275 356
60 278 356
60 280 356
60 275 356
60 279 356
60 280 356
60 281 356
60 280 356
60 288 356
60 281 356
60 280 356
60 287 356
60 287 356
60 284 356
60 283 356
60 279 356
60 283 356
60 291 356
60 289 356
60 281 356
60 281 356
60 281 356
60 288 356
60 277 356
60 280 356
60 284 356
60 275 356
60 283 356
60 284 356
60 283 356
60 283 356
60 270 356
60 280 356
60 274 356
60 284 356
60 282 356
60 280 356
60 281 356
60 279 356
60 286 356
60 282 356
60 286 356
60 284 356
60 277 356
60 280 356
60 290 356
60 284 356
60 279 356
60 283 356
60 282 356
60 279 356
60 279 356
60 283 356
60 282 356
60 282 356
60 279 356
60 285 356
60 273 356
60 285 356
60 278 356
60 284 356
60 277 356
60 290 356
60 268 356
60 283 356
60 282 356
60 284 356
60 279 356
60 286 356
60 279 356
60 279 356
60 284 356
60 281 356
60 290 356
60 280 356
60 287 356
60 280 356
60 277 356
60 276 356
60 278 356
60 286 356
60 281 356
60 276 356
60 280 356
60 273 356
60 275 356
60 284 356
60 284 356
60 284 356
60 278 356
70 345 432
70 350 432
70 347 432
70 343 432
70 348 432
70 347 432
70 338 432
70 348 432
70 345 432
70 341 432
70 342 432
70 349 432
70 343 432
70 345 432
70 346 432
70 348 432
70 349 432
70 336 432
70 345 432
70 347 432
70 341 432
70 348 432
70 343 432
70 344 432
70 347 432
70 339 432
70 347 432
70 350 432
70 341 432
70 338 432
70 339 432
70 347 432
70 341 432
70 336 432
70 341 432
70 338 432
70 345 432
70 345 432
70 350 432
70 339 432
70 347 432
70 345 432
70 340 432
70 345 432
70 342 432
70 347 432
70 347 432
70 342 432
70 342 432
70 342 432
70 346 432
70 346 432
70 349 432
70 339 432
70 343 432
70 347 432
70 340 432
70 344 432
70 344 432
70 347 432
70 355 432
70 340 432
70 347 432
70 354 432
70 348 432
70 344 432
70 343 432
70 352 432
70 345 432
70 347 432
70 350 432
70 336 432
70 343 432
70 345 432
70 339 432
70 338 432
70 350 432
70 350 432
70 346 432
70 336 432
70 343 432
70 341 432
70 348 432
70 346 432
70 346 432
70 341 432
70 344 432
70 347 432
70 341 432
70 337 432
70 345 432
70 345 432
70 347 432
70 336 432
70 343 432
70 346 432
70 351 432
70 345 432
70 345 432
70 348 432
80 413 512
80 405 512
80 411 512
80 403 512
80 414 512
80 410 512
80 412 512
80 402 512
80 400 512
80 406 512
80 404 512
80 410 512
80 401 512
80 410 512
80 417 512
80 399 512
80 406 512
80 409 512
80 407 512
80 398 512
80 409 512
80 411 512
80 405 512
80 413 512
80 404 512
80 405 512
80 411 512
80 413 512
80 408 512
80 410 512
80 413 512
80 407 512
80 409 512
80 417 512
80 398 512
80 414 512
80 413 512
80 421 512
80 402 512
80 414 512
80 407 512
80 406 512
80 399 512
80 413 512
80 411 512
80 411 512
80 406 512
80 414 512
80 410 512
80 401 512
80 410 512
80 408 512
80 404 512
80 413 512
80 409 512
80 409 512
80 408 512
80 395 512
80 414 512
80 401 512
80 404 512
80 403 512
80 408 512
80 409 512
80 412 512
80 406 512
80 412 512
80 413 512
80 414 512
80 412 512
80 408 512
80 414 512
80 400 512
80 416 512
80 406 512
80 407 512
80 407 512
80 406 512
80 410 512
80 409 512
80 410 512
80 398 512
80 403 512
80 407 512
80 406 512
80 403 512
80 409 512
80 410 512
80 413 512
80 408 512
80 412 512
80 417 512
80 408 512
80 406 512
80 405 512
80 418 512
80 414 512
80 416 512
80 403 512
80 408 512
90 471 592
90 473 592
90 472 592
90 479 592
90 476 592
90 473 592
90 477 592
90 472 592
90 480 592
90 474 592
90 474 592
90 476 592
90 479 592
90 477 592
90 484 592
90 476 592
90 472 592
90 480 592
90 466 592
90 474 592
90 464 592
90 469 592
90 464 592
90 476 592
90 473 592
90 477 592
90 478 592
90 473 592
90 478 592
90 467 592
90 485 592
90 471 592
90 471 592
90 477 592
90 479 592
90 478 592
90 488 592
90 475 592
90 471 592
90 470 592
90 475 592
90 469 592
90 478 592
90 477 592
90 471 592
90 472 592
90 474 592
90 479 592
90 473 592
90 475 592
90 471 592
90 474 592
90 474 592
90 480 592
90 472 592
90 455 592
90 471 592
90 479 592
90 473 592
90 482 592
90 479 592
90 469 592
90 474 592
90 479 592
90 480 592
90 477 592
90 465 592
90 467 592
90 470 592
90 486 592
90 470 592
90 474 592
90 476 592
90 474 592
90 469 592
90 476 592
90 469 592
90 474 592
90 473 592
90 469 592
90 479 592
90 483 592
90 479 592
90 471 592
90 477 592
90 483 592
90 479 592
90 483 592
90 471 592
90 478 592
90 467 592
90 486 592
90 478 592
90 479 592
90 484 592
90 491 592
90 475 592
90 477 592
90 471 592
90 472 592
100 538 672
100 536 672
100 540 672
100 538 672
100 533 672
100 537 672
100 538 672
100 543 672
100 546 672
100 543 672
100 524 672
100 538 672
100 539 672
100 538 672
100 541 672
100 546 672
100 544 672
100 545 672
100 532 672
100 550 672
100 546 672
100 543 672
100 540 672
100 534 672
100 542 672
100 532 672
100 532 672
100 543 672
100 538 672
100 543 672
100 539 672
100 544 672
100 539 672
100 538 672
100 545 672
100 539 672
100 546 672
100 549 672
100 542 672
100 544 672
100 544 672
100 548 672
100 545 672
100 547 672
100 545 672
100 543 672
100 542 672
100 545 672
100 546 672
100 546 672
100 536 672
100 542 672
100 545 672
100 533 672
100 541 672
100 542 672
100 541 672
100 555 672
100 544 672
100 546 672
100 544 672
100 541 672
100 545 672
100 542 672
100 540 672
100 544 672
100 532 672
100 549 672
100 535 672
100 543 672
100 548 672
100 550 672
100 545 672
100 550 672
100 544 672
100 545 672
100 537 672
100 534 672
100 546 672
100 544 672
100 546 672
100 545 672
100 535 672
100 537 672
100 537 672
100 553 672
100 537 672
100 552 672
100 539 672
100 544 672
100 542 672
100 546 672
100 542 672
100 540 672
100 548 672
100 547 672
100 544 672
100 540 672
100 539 672
100 557 672
110 616 752
110 607 752
110 611 752
110 596 752
110 612 752
110 607 752
110 605 752
110 616 752
110 619 752
110 610 752
110 613 752
110 614 752
110 608 752
110 611 752
110 608 752
110 602 752
110 601 752
110 621 752
110 613 752
110 606 752
110 605 752
110 612 752
110 618 752
110 605 752
110 612 752
110 620 752
110 617 752
110 622 752
110 610 752
110 616 752
110 613 752
110 617 752
110 613 752
110 606 752
110 614 752
110 607 752
110 610 752
110 603 752
110 612 752
110 624 752
110 596 752
110 606 752
110 612 752
110 610 752
110 608 752
110 612 752
110 621 752
110 610 752
110 601 752
110 618 752
110 606 752
110 616 752
110 614 752
110 614 752
110 604 752
110 609 752
110 604 752
110 599 752
110 614 752
110 616 752
110 602 752
110 605 752
110 608 752
110 607 752
110 611 752
110 598 752
110 613 752
110 596 752
110 607 752
110 616 752
110 612 752
110 600 752
110 608 752
110 605 752
110 613 752
110 606 752
110 600 752
110 609 752
110 622 752
110 615 752
110 611 752
110 611 752
110 623 752
110 601 752
110 618 752
110 606 752
110 605 752
110 615 752
110 615 752
110 605 752
110 614 752
110 618 752
110 621 752
110 600 752
110 613 752
110 606 752
110 602 752
110 602 752
110 613 752
110 612 752
120 673 832
120 682 832
120 688 832
120 682 832
120 678 832
120 680 832
120 691 832
120 690 832
120 661 832
120 679 832
120 679 832
120 667 832
120 680 832
120 670 832
120 681 832
120 679 832
120 691 832
120 672 832
120 692 832
120 673 832
120 681 832
120 684 832
120 694 832
120 674 832
120 689 832
120 684 832
120 673 832
120 679 832
120 688 832
120 682 832
120 670 832
120 679 832
120 676 832
120 672 832
120 685 832
120 677 832
120 691 832
120 683 832
120 677 832
120 682 832
120 668 832
120 689 832
120 677 832
120 680 832
120 681 832
120 676 832
120 680 832
120 692 832
120 668 832
120 680 832
120 687 832
120 686 832
120 682 832
120 662 832
120 673 832
120 687 832
120 685 832
120 686 832
120 689 832
120 681 832
120 685 832
120 682 832
120 673 832
120 680 832
120 676 832
120 688 832
120 672 832
120 684 832
120 691 832
120 682 832
120 682 832
120 676 832
120 679 832
120 688 832
120 685 832
120 679 832
120 676 832
120 680 832
120 676 832
120 681 832
120 680 832
120 680 832
120 685 832
120 685 832
120 695 832
120 684 832
120 690 832
120 676 832
120 667 832
120 683 832
120 675 832
120 672 832
120 684 832
120 679 832
120 676 832
120 684 832
120 676 832
120 681 832
120 687 832
120 682 832
130 755 914
130 758 914
130 754 914
130 755 914
130 750 914
130 751 914
130 745 914
130 755 914
130 758 914
130 749 914
130 761 914
130 753 914
130 750 914
130 746 914
130 749 914
130 750 914
130 751 914
130 744 914
130 764 914
130 759 914
130 748 914
130 753 914
130 761 914
130 749 914
130 753 914
130 749 914
130 758 914
130 747 914
130 740 914
130 763 914
130 760 914
130 751 914
130 750 914
130 749 914
130 748 914
130 747 914
130 762 914
130 751 914
130 765 914
130 760 914
130 741 914
130 754 914
130 759 914
130 753 914
130 746 914
130 750 914
130 763 914
130 741 914
130 751 914
130 747 914
130 751 914
130 748 914
130 747 914
130 748 914
130 757 914
130 745 914
130 743 914
130 739 914
130 766 914
130 755 914
130 745 914
130 763 914
130 761 914
130 745 914
130 756 914
130 739 914
130 752 914
130 748 914
130 755 914
130 757 914
130 748 914
130 762 914
130 754 914
130 755 914
130 761 914
130 754 914
130 749 914
130 750 914
130 746 914
130 746 914
130 758 914
130 756 914
130 758 914
130 749 914
130 750 914
130 745 914
130 747 914
130 744 914
130 750 914
130 745 914
130 754 914
130 737 914
130 760 914
130 760 914
130 757 914
130 739 914
130 758 914
130 738 914
130 754 914
130 744 914
140 822 1004
140 828 1004
140 826 1004
140 833 1004
140 833 1004
140 815 1004
140 821 1004
140 821 1004
140 818 1004
140 837 1004
140 832 1004
140 825 1004
140 834 1004
140 839 1004
140 826 1004
140 824 1004
140 840 1004
140 825 1004
140 823 1004
140 824 1004
140 824 1004
140 812 1004
140 826 1004
140 824 1004
140 825 1004
140 809 1004
140 828 1004
140 829 1004
140 831 1004
140 820 1004
140 821 1004
140 816 1004
140 816 1004
140 834 1004
140 820 1004
140 810 1004
140 827 1004
140 815 1004
140 825 1004
140 831 1004
140 819 1004
140 821 1004
140 812 1004
140 823 1004
140 821 1004
140 823 1004
140 824 1004
140 840 1004
140 818 1004
140 839 1004
140 822 1004
140 823 1004
140 830 1004
140 826 1004
140 822 1004
140 819 1004
140 823 1004
140 826 1004
140 823 1004
140 828 1004
140 836 1004
140 825 1004
140 817 1004
140 828 1004
140 820 1004
140 828 1004
140 823 1004
140 822 1004
140 825 1004
140 804 1004
140 821 1004
140 835 1004
140 829 1004
140 828 1004
140 823 1004
140 824 1004
140 821 1004
140 829 1004
140 830 1004
140 830 1004
140 824 1004
140 838 1004
140 828 1004
140 825 1004
140 816 1004
140 813 1004
140 828 1004
140 831 1004
140 817 1004
140 826 1004
140 829 1004
140 825 1004
140 834 1004
140 816 1004
140 827 1004
140 816 1004
140 822 1004
140 816 1004
140 816 1004
140 820 1004
150 913 1094
150 899 1094
150 906 1094
150 897 1094
150 895 1094
150 904 1094
150 912 1094
150 892 1094
150 897 1094
150 895 1094
150 897 1094
150 911 1094
150 899 1094
150 889 1094
150 908 1094
150 904 1094
150 898 1094
150 911 1094
150 901 1094
150 899 1094
150 883 1094
150 911 1094
150 892 1094
150 901 1094
150 898 1094
150 907 1094
150 909 1094
150 898 1094
150 885 1094
150 899 1094
150 905 1094
150 891 1094
150 892 1094
150 904 1094
150 904 1094
150 903 1094
150 894 1094
150 890 1094
150 908 1094
150 901 1094
150 892 1094
150 913 1094
150 894 1094
150 906 1094
150 904 1094
150 912 1094
150 898 1094
150 910 1094
150 901 1094
150 898 1094
150 908 1094
150 911 1094
150 905 1094
150 909 1094
150 904 1094
150 913 1094
150 900 1094
150 899 1094
150 906 1094
150 903 1094
150 900 1094
150 903 1094
150 892 1094
150 896 1094
150 914 1094
150 915 1094
150 894 1094
150 893 1094
150 897 1094
150 902 1094
150 895 1094
150 905 1094
150 908 1094
150 893 1094
150 902 1094
150 894 1094
150 897 1094
150 916 1094
150 907 1094
150 902 1094
150 895 1094
150 889 1094
150 894 1094
150 905 1094
150 897 1094
150 913 1094
150 901 1094
150 912 1094
150 891 1094
150 903 1094
150 909 1094
150 901 1094
150 903 1094
150 895 1094
150 896 1094
150 899 1094
150 901 1094
150 895 1094
150 893 1094
150 887 1094
160 972 1184
160 974 1184
160 956 1184
160 980 1184
160 975 1184
160 969 1184
160 979 1184
160 964 1184
160 975 1184
160 973 1184
160 971 1184
160 969 1184
160 974 1184
160 984 1184
160 968 1184
160 975 1184
160 976 1184
160 980 1184
160 987 1184
160 965 1184
160 969 1184
160 968 1184
160 974 1184
160 984 1184
160 974 1184
160 939 1184
160 985 1184
160 979 1184
160 967 1184
160 973 1184
160 981 1184
160 965 1184
160 977 1184
160 973 1184
160 971 1184
160 973 1184
160 976 1184
160 973 1184
160 981 1184
160 974 1184
160 972 1184
160 971 1184
160 987 1184
160 979 1184
160 969 1184
160 980 1184
160 979 1184
160 972 1184
160 981 1184
160 974 1184
160 973 1184
160 975 1184
160 981 1184
160 979 1184
160 984 1184
160 981 1184
160 965 1184
160 974 1184
160 985 1184
160 962 1184
160 975 1184
160 966 1184
160 974 1184
160 966 1184
160 986 1184
160 987 1184
160 983 1184
160 967 1184
160 974 1184
160 991 1184
160 971 1184
160 970 1184
160 984 1184
160 973 1184
160 959 1184
160 976 1184
160 980 1184
160 975 1184
160 979 1184
160 978 1184
160 976 1184
160 974 1184
160 984 1184
160 967 1184
160 974 1184
160 962 1184
160 985 1184
160 967 1184
160 968 1184
160 972 1184
160 972 1184
160 971 1184
160 980 1184
160 968 1184
160 978 1184
160 974 1184
160 982 1184
160 974 1184
160 993 1184
160 983 1184
170 1054 1274
170 1052 1274
170 1051 1274
170 1047 1274
170 1046 1274
170 1061 1274
170 1048 1274
170 1056 1274
170 1039 1274
170 1066 1274
170 1052 1274
170 1056 1274
170 1038 1274
170 1060 1274
170 1049 1274
170 1049 1274
170 1053 1274
170 1037 1274
170 1053 1274
170 1040 1274
170 1060 1274
170 1053 1274
170 1040 1274
170 1070 1274
170 1059 1274
170 1047 1274
170 1059 1274
170 1044 1274
170 1057 1274
170 1053 1274
170 1064 1274
170 1054 1274
170 1048 1274
170 1053 1274
170 1043 1274
170 1055 1274
170 1058 1274
170 1043 1274
170 1054 1274
170 1058 1274
170 1049 1274
170 1046 1274
170 1055 1274
170 1063 1274
170 1053 1274
170 1039 1274
170 1064 1274
170 1058 1274
170 1065 1274
170 1052 1274
170 1047 1274
170 1059 1274
170 1047 1274
170 1060 1274
170 1048 1274
170 1045 1274
170 1045 1274
170 1053 1274
170 1054 1274
170 1043 1274
170 1055 1274
170 1056 1274
170 1051 1274
170 1051 1274
170 1049 1274
170 1039 1274
170 1070 1274
170 1053 1274
170 1057 1274
170 1039 1274
170 1050 1274
170 1057 1274
170 1059 1274
170 1060 1274
170 1049 1274
170 1045 1274
170 1055 1274
170 1058 1274
170 1065 1274
170 1055 1274
170 1045 1274
170 1059 1274
170 1057 1274
170 1027 1274
170 1058 1274
170 1049 1274
170 1053 1274
170 1048 1274
170 1061 1274
170 1056 1274
170 1052 1274
170 1044 1274
170 1041 1274
170 1053 1274
170 1053 1274
170 1061 1274
170 1034 1274
170 1055 1274
170 1053 1274
170 1058 1274
180 1130 1364
180 1125 1364
180 1145 1364
180 1128 1364
180 1125 1364
180 1127 1364
180 1120 1364
180 1121 1364
180 1128 1364
180 1121 1364
180 1131 1364
180 1117 1364
180 1123 1364
180 1135 1364
180 1119 1364
180 1120 1364
180 1132 1364
180 1125 1364
180 1122 1364
180 1132 1364
180 1126 1364
180 1113 1364
180 1126 1364
180 1131 1364
180 1118 1364
180 1126 1364
180 1128 1364
180 1118 1364
180 1143 1364
180 1126 1364
180 1136 1364
180 1114 1364
180 1132 1364
180 1135 1364
180 1120 1364
180 1123 1364
180 1121 1364
180 1134 1364
180 1129 1364
180 1129 1364
180 1136 1364
180 1131 1364
180 1131 1364
180 1125 1364
180 1125 1364
180 1146 1364
180 1139 1364
180 1133 1364
180 1111 1364
180 1143 1364
180 1124 1364
180 1135 1364
180 1133 1364
180 1134 1364
180 1131 1364
180 1133 1364
180 1138 1364
180 1134 1364
180 1143 1364
180 1114 1364
180 1119 1364
180 1123 1364
180 1130 1364
180 1128 1364
180 1132 1364
180 1128 1364
180 1134 1364
180 1130 1364
180 1131 1364
180 1118 1364
180 1126 1364
180 1122 1364
180 1132 1364
180 1134 1364
180 1121 1364
180 1125 1364
180 1124 1364
180 1107 1364
180 1129 1364
180 1125 1364
180 1116 1364
180 1120 1364
180 1144 1364
180 1141 1364
180 1123 1364
180 1127 1364
180 1135 1364
180 1133 1364
180 1125 1364
180 1121 1364
180 1135 1364
180 1133 1364
180 1116 1364
180 1124 1364
180 1129 1364
180 1120 1364
180 1127 1364
180 1120 1364
180 1128 1364
180 1127 1364
190 1205 1454
190 1209 1454
190 1184 1454
190 1209 1454
190 1212 1454
190 1194 1454
190 1195 1454
190 1194 1454
190 1204 1454
190 1213 1454
190 1194 1454
190 1203 1454
190 1211 1454
190 1204 1454
190 1197 1454
190 1216 1454
190 1205 1454
190 1194 1454
190 1197 1454
190 1204 1454
190 1194 1454
190 1189 1454
190 1200 1454
190 1189 1454
190 1198 1454
190 1208 1454
190 1207 1454
190 1207 1454
190 1214 1454
190 1203 1454
190 1201 1454
190 1189 1454
190 1212 1454
190 1208 1454
190 1219 1454
190 1202 1454
190 1202 1454
190 1205 1454
190 1205 1454
190 1207 1454
190 1185 1454
190 1204 1454
190 1209 1454
190 1204 1454
190 1204 1454
190 1212 1454
190 1207 1454
190 1207 1454
190 1209 1454
190 1211 1454
190 1209 1454
190 1194 1454
190 1214 1454
190 1213 1454
190 1189 1454
190 1200 1454
190 1210 1454
190 1178 1454
190 1195 1454
190 1212 1454
190 1193 1454
190 1203 1454
190 1204 1454
190 1200 1454
190 1199 1454
190 1200 1454
190 1208 1454
190 1200 1454
190 1206 1454
190 1199 1454
190 1201 1454
190 1205 1454
190 1211 1454
190 1204 1454
190 1215 1454
190 1205 1454
190 1193 1454
190 1194 1454
190 1188 1454
190 1186 1454
190 1201 1454
190 1197 1454
190 1202 1454
190 1204 1454
190 1197 1454
190 1193 1454
190 1209 1454
190 1198 1454
190 1229 1454
190 1202 1454
190 1207 1454
190 1219 1454
190 1200 1454
190 1201 1454
190 1201 1454
190 1218 1454
190 1189 1454
190 1208 1454
190 1206 1454
190 1219 1454
200 1287 1544
200 1287 1544
200 1276 1544
200 1293 1544
200 1284 1544
200 1283 1544
200 1284 1544
200 1289 1544
200 1296 1544
200 1291 1544
200 1274 1544
200 1266 1544
200 1285 1544
200 1273 1544
200 1274 1544
200 1284 1544
200 1287 1544
200 1261 1544
200 1272 1544
200 1281 1544
200 1280 1544
200 1301 1544
200 1267 1544
200 1290 1544
200 1274 1544
200 1276 1544
200 1266 1544
200 1286 1544
200 1284 1544
200 1281 1544
200 1290 1544
200 1287 1544
200 1264 1544
200 1275 1544
200 1289 1544
200 1270 1544
200 1275 1544
200 1271 1544
200 1295 1544
200 1272 1544
200 1285 1544
200 1279 1544
200 1294 1544
200 1286 1544
200 1284 1544
200 1288 1544
200 1279 1544
200 1286 1544
200 1283 1544
200 1293 1544
200 1291 1544
200 1278 1544
200 1298 1544
200 1280 1544
200 1285 1544
200 1282 1544
200 1301 1544
200 1272 1544
200 1295 1544
200 1283 1544
200 1283 1544
200 1279 1544
200 1286 1544
200 1294 1544
200 1281 1544
200 1303 1544
200 1284 1544
200 1273 1544
200 1278 1544
200 1270 1544
200 1275 1544
200 1289 1544
200 1287 1544
200 1279 1544
200 1277 1544
200 1292 1544
200 1297 1544
200 1293 1544
200 1271 1544
200 1286 1544
200 1284 1544
200 1279 1544
200 1286 1544
200 1294 1544
200 1274 1544
200 1286 1544
200 1280 1544
200 1278 1544
200 1276 1544
200 1283 1544
200 1289 1544
200 1279 1544
200 1264 1544
200 1284 1544
200 1275 1544
200 1289 1544
200 1289 1544
200 1287 1544
200 1276 1544
200 1280 1544
1000 8706 9976
1000 8693 9976
1000 8748 9976
1000 8698 9976
1000 8692 9976
1000 8729 9976
1000 8678 9976
1000 8704 9976
1000 8675 9976
1000 8724 9976
1000 8671 9976
1000 8704 9976
1000 8687 9976
1000 8725 9976
1000 8705 9976
1000 8713 9976
1000 8721 9976
1000 8712 9976
1000 8704 9976
1000 8693 9976
1000 8704 9976
1000 8711 9976
1000 8726 9976
1000 8718 9976
1000 8720 9976
1000 8699 9976
1000 8712 9976
1000 8693 9976
1000 8700 9976
1000 8695 9976
1000 8706 9976
1000 8707 9976
1000 8686 9976
1000 8729 9976
1000 8673 9976
1000 8699 9976
1000 8722 9976
1000 8706 9976
1000 8716 9976
1000 8722 9976
1000 8726 9976
1000 8708 9976
1000 8733 9976
1000 8710 9976
1000 8695 9976
1000 8734 9976
1000 8701 9976
1000 8717 9976
1000 8730 9976
1000 8695 9976
1000 8733 9976
1000 8718 9976
1000 8722 9976
1000 8710 9976
1000 8745 9976
1000 8689 9976
1000 8690 9976
1000 8731 9976
1000 8690 9976
1000 8664 9976
1000 8704 9976
1000 8715 9976
1000 8694 9976
1000 8720 9976
1000 8714 9976
1000 8708 9976
1000 8708 9976
1000 8721 9976
1000 8703 9976
1000 8656 9976
1000 8702 9976
1000 8709 9976
1000 8703 9976
1000 8703 9976
1000 8726 9976
1000 8700 9976
1000 8718 9976
1000 8691 9976
1000 8694 9976
1000 8715 9976
1000 8713 9976
1000 8703 9976
1000 8722 9976
1000 8703 9976
1000 8683 9976
1000 8719 9976
1000 8702 9976
1000 8704 9976
1000 8687 9976
1000 8685 9976
1000 8716 9976
1000 8730 9976
1000 8696 9976
1000 8693 9976
1000 8694 9976
1000 8694 9976
1000 8729 9976
1000 8722 9976
1000 8694 9976
1000 8706 9976
2000 19440 21952
2000 19421 21952
2000 19437 21952
2000 19440 21952
2000 19411 21952
2000 19435 21952
2000 19394 21952
2000 19409 21952
2000 19415 21952
2000 19417 21952
2000 19433 21952
2000 19451 21952
2000 19413 21952
2000 19408 21952
2000 19444 21952
2000 19371 21952
2000 19418 21952
2000 19415 21952
2000 19437 21952
2000 19398 21952
2000 19388 21952
2000 19392 21952
2000 19366 21952
2000 19442 21952
2000 19375 21952
2000 19468 21952
2000 19401 21952
2000 19430 21952
2000 19428 21952
2000 19370 21952
2000 19403 21952
2000 19470 21952
2000 19393 21952
2000 19388 21952
2000 19441 21952
2000 19401 21952
2000 19416 21952
2000 19395 21952
2000 19436 21952
2000 19466 21952
2000 19431 21952
2000 19414 21952
2000 19378 21952
2000 19392 21952
2000 19449 21952
2000 19431 21952
2000 19387 21952
2000 19446 21952
2000 19417 21952
2000 19414 21952
2000 19431 21952
2000 19379 21952
2000 19458 21952
2000 19378 21952
2000 19436 21952
2000 19375 21952
2000 19416 21952
2000 19366 21952
2000 19440 21952
2000 19452 21952
2000 19384 21952
2000 19415 21952
2000 19409 21952
2000 19426 21952
2000 19406 21952
2000 19436 21952
2000 19388 21952
2000 19414 21952
2000 19399 21952
2000 19424 21952
2000 19418 21952
2000 19442 21952
2000 19425 21952
2000 19414 21952
2000 19397 21952
2000 19374 21952
2000 19399 21952
2000 19413 21952
2000 19412 21952
2000 19433 21952
2000 19447 21952
2000 19422 21952
2000 19453 21952
2000 19391 21952
2000 19393 21952
2000 19370 21952
2000 19412 21952
2000 19405 21952
2000 19391 21952
2000 19388 21952
2000 19386 21952
2000 19376 21952
2000 19438 21952
2000 19421 21952
2000 19405 21952
2000 19392 21952
2000 19414 21952
2000 19467 21952
2000 19429 21952
2000 19472 21952
3000 30942 34904
3000 30946 34904
3000 30892 34904
3000 30940 34904
3000 30882 34904
3000 30909 34904
3000 30887 34904
3000 30918 34904
3000 30909 34904
3000 30904 34904
3000 30898 34904
3000 30917 34904
3000 30906 34904
3000 30897 34904
3000 30919 34904
3000 30905 34904
3000 30924 34904
3000 30917 34904
3000 30965 34904
3000 30933 34904
3000 30988 34904
3000 30936 34904
3000 30950 34904
3000 30896 34904
3000 30844 34904
3000 30917 34904
3000 30859 34904
3000 30931 34904
3000 30938 34904
3000 30907 34904
3000 30895 34904
3000 30957 34904
3000 30964 34904
3000 30898 34904
3000 30908 34904
3000 30896 34904
3000 30930 34904
3000 30906 34904
3000 30906 34904
3000 30949 34904
3000 30884 34904
3000 30912 34904
3000 30851 34904
3000 30968 34904
3000 30962 34904
3000 30879 34904
3000 30927 34904
3000 30908 34904
3000 30966 34904
3000 30925 34904
3000 30850 34904
3000 30959 34904
3000 30922 34904
3000 30943 34904
3000 30952 34904
3000 30943 34904
3000 30900 34904
3000 30944 34904
3000 30956 34904
3000 30910 34904
3000 30881 34904
3000 30913 34904
3000 30940 34904
3000 30932 34904
3000 30939 34904
3000 30940 34904
3000 30885 34904
3000 30976 34904
3000 30877 34904
3000 30921 34904
3000 30938 34904
3000 30977 34904
3000 30874 34904
3000 30949 34904
3000 30830 34904
3000 30925 34904
3000 30963 34904
3000 30933 34904
3000 30963 34904
3000 30930 34904
3000 30896 34904
3000 30979 34904
3000 30886 34904
3000 30978 34904
3000 30904 34904
3000 30896 34904
3000 30966 34904
3000 30941 34904
3000 30973 34904
3000 30930 34904
3000 30952 34904
3000 30950 34904
3000 30937 34904
3000 30947 34904
3000 30934 34904
3000 30974 34904
3000 30942 34904
3000 30901 34904
3000 30889 34904
3000 30959 34904
4000 42787 47904
4000 42809 47904
4000 42766 47904
4000 42852 47904
4000 42860 47904
4000 42813 47904
4000 42784 47904
4000 42785 47904
4000 42893 47904
4000 42841 47904
4000 42799 47904
4000 42759 47904
4000 42810 47904
4000 42864 47904
4000 42831 47904
4000 42830 47904
4000 42826 47904
4000 42789 47904
4000 42803 47904
4000 42834 47904
4000 42815 47904
4000 42819 47904
4000 42860 47904
4000 42797 47904
4000 42849 47904
4000 42753 47904
4000 42806 47904
4000 42780 47904
4000 42769 47904
4000 42857 47904
4000 42817 47904
4000 42822 47904
4000 42819 47904
4000 42858 47904
4000 42826 47904
4000 42816 47904
4000 42818 47904
4000 42849 47904
4000 42823 47904
4000 42794 47904
4000 42884 47904
4000 42819 47904
4000 42738 47904
4000 42815 47904
4000 42793 47904
4000 42810 47904
4000 42873 47904
4000 42869 47904
4000 42777 47904
4000 42835 47904
4000 42836 47904
4000 42817 47904
4000 42833 47904
4000 42746 47904
4000 42825 47904
4000 42852 47904
4000 42826 47904
4000 42863 47904
4000 42838 47904
4000 42831 47904
4000 42811 47904
4000 42814 47904
4000 42822 47904
4000 42829 47904
4000 42835 47904
4000 42814 47904
4000 42824 47904
4000 42794 47904
4000 42811 47904
4000 42818 47904
4000 42839 47904
4000 42858 47904
4000 42901 47904
4000 42838 47904
4000 42822 47904
4000 42791 47904
4000 42790 47904
4000 42817 47904
4000 42850 47904
4000 42818 47904
4000 42798 47904
4000 42841 47904
4000 42831 47904
4000 42788 47904
4000 42829 47904
4000 42810 47904
4000 42820 47904
4000 42905 47904
4000 42782 47904
4000 42821 47904
4000 42799 47904
4000 42840 47904
4000 42836 47904
4000 42819 47904
4000 42823 47904
4000 42863 47904
4000 42878 47904
4000 42816 47904
4000 42840 47904
4000 42800 47904
5000 55235 61808
5000 55241 61808
5000 55201 61808
5000 55199 61808
5000 55250 61808
5000 55231 61808
5000 55279 61808
5000 55225 61808
5000 55188 61808
5000 55243 61808
5000 55225 61808
5000 55265 61808
5000 55174 61808
5000 55262 61808
5000 55224 61808
5000 55180 61808
5000 55247 61808
5000 55253 61808
5000 55118 61808
5000 55239 61808
5000 55241 61808
5000 55239 61808
5000 55256 61808
5000 55191 61808
5000 55229 61808
5000 55248 61808
5000 55221 61808
5000 55226 61808
5000 55177 61808
5000 55187 61808
5000 55284 61808
5000 55289 61808
5000 55219 61808
5000 55165 61808
5000 55265 61808
5000 55206 61808
5000 55189 61808
5000 55229 61808
5000 55312 61808
5000 55188 61808
5000 55229 61808
5000 55312 61808
5000 55237 61808
5000 55211 61808
5000 55210 61808
5000 55200 61808
5000 55174 61808
5000 55180 61808
5000 55230 61808
5000 55137 61808
5000 55249 61808
5000 55197 61808
5000 55278 61808
5000 55196 61808
5000 55231 61808
5000 55285 61808
5000 55255 61808
5000 55201 61808
5000 55267 61808
5000 55231 61808
5000 55185 61808
5000 55207 61808
5000 55276 61808
5000 55170 61808
5000 55237 61808
5000 55262 61808
5000 55203 61808
5000 55207 61808
5000 55178 61808
5000 55216 61808
5000 55129 61808
5000 55203 61808
5000 55218 61808
5000 55230 61808
5000 55264 61808
5000 55230 61808
5000 55250 61808
5000 55278 61808
5000 55184 61808
5000 55213 61808
5000 55208 61808
5000 55240 61808
5000 55263 61808
5000 55292 61808
5000 55325 61808
5000 55213 61808
5000 55170 61808
5000 55122 61808
5000 55313 61808
5000 55193 61808
5000 55286 61808
5000 55196 61808
5000 55238 61808
5000 55288 61808
5000 55175 61808
5000 55217 61808
5000 55215 61808
5000 55265 61808
5000 55266 61808
5000 55197 61808
6000 67897 75808
6000 67884 75808
6000 67805 75808
6000 67775 75808
6000 67842 75808
6000 67842 75808
6000 67774 75808
6000 67889 75808
6000 67720 75808
6000 67843 75808
6000 67901 75808
6000 67859 75808
6000 67894 75808
6000 67806 75808
6000 67837 75808
6000 67859 75808
6000 67905 75808
6000 67837 75808
6000 67867 75808
6000 67854 75808
6000 67774 75808
6000 67791 75808
6000 67860 75808
6000 67852 75808
6000 67852 75808
6000 67812 75808
6000 67886 75808
6000 67819 75808
6000 67832 75808
6000 67868 75808
6000 67764 75808
6000 67846 75808
6000 67821 75808
6000 67764 75808
6000 67782 75808
6000 67819 75808
6000 67876 75808
6000 67808 75808
6000 67897 75808
6000 67839 75808
6000 67809 75808
6000 67751 75808
6000 67793 75808
6000 67801 75808
6000 67829 75808
6000 67857 75808
6000 67909 75808
6000 67845 75808
6000 67915 75808
6000 67868 75808
6000 67836 75808
6000 67797 75808
6000 67879 75808
6000 67840 75808
6000 67857 75808
6000 67806 75808
6000 67886 75808
6000 67845 75808
6000 67793 75808
6000 67796 75808
6000 67775 75808
6000 67859 75808
6000 67878 75808
6000 67915 75808
6000 67907 75808
6000 67811 75808
6000 67806 75808
6000 67856 75808
6000 67838 75808
6000 67828 75808
6000 67934 75808
6000 67788 75808
6000 67854 75808
6000 67771 75808
6000 67908 75808
6000 67822 75808
6000 67818 75808
6000 67908 75808
6000 67878 75808
6000 67943 75808
6000 67781 75808
6000 67795 75808
6000 67815 75808
6000 67945 75808
6000 67874 75808
6000 67800 75808
6000 67778 75808
6000 67793 75808
6000 67879 75808
6000 67830 75808
6000 67881 75808
6000 67870 75808
6000 67892 75808
6000 67921 75808
6000 67907 75808
6000 67899 75808
6000 67858 75808
6000 67753 75808
6000 67817 75808
6000 67826 75808
7000 80653 89808
7000 80678 89808
7000 80669 89808
7000 80689 89808
7000 80662 89808
7000 80700 89808
7000 80714 89808
7000 80723 89808
7000 80743 89808
7000 80600 89808
7000 80710 89808
7000 80676 89808
7000 80659 89808
7000 80782 89808
7000 80673 89808
7000 80679 89808
7000 80690 89808
7000 80700 89808
7000 80674 89808
7000 80623 89808
7000 80672 89808
7000 80695 89808
7000 80687 89808
7000 80689 89808
7000 80616 89808
7000 80628 89808
7000 80711 89808
7000 80664 89808
7000 80602 89808
7000 80691 89808
7000 80663 89808
7000 80671 89808
7000 80749 89808
7000 80614 89808
7000 80731 89808
7000 80817 89808
7000 80659 89808
7000 80734 89808
7000 80545 89808
7000 80633 89808
7000 80695 89808
7000 80671 89808
7000 80732 89808
7000 80738 89808
7000 80597 89808
7000 80619 89808
7000 80724 89808
7000 80614 89808
7000 80688 89808
7000 80616 89808
7000 80598 89808
7000 80773 89808
7000 80719 89808
7000 80661 89808
7000 80629 89808
7000 80726 89808
7000 80672 89808
7000 80674 89808
7000 80709 89808
7000 80661 89808
7000 80753 89808
7000 80748 89808
7000 80609 89808
7000 80698 89808
7000 80742 89808
7000 80640 89808
7000 80666 89808
7000 80713 89808
7000 80749 89808
7000 80624 89808
7000 80687 89808
7000 80568 89808
7000 80758 89808
7000 80714 89808
7000 80671 89808
7000 80734 89808
7000 80675 89808
7000 80656 89808
7000 80692 89808
7000 80713 89808
7000 80634 89808
7000 80617 89808
7000 80674 89808
7000 80656 89808
7000 80674 89808
7000 80684 89808
7000 80687 89808
7000 80705 89808
7000 80721 89808
7000 80713 89808
7000 80733 89808
7000 80715 89808
7000 80723 89808
7000 80686 89808
7000 80725 89808
7000 80713 89808
7000 80699 89808
7000 80709 89808
7000 80703 89808
7000 80735 89808
8000 93627 103808
8000 93670 103808
8000 93619 103808
8000 93688 103808
8000 93730 103808
8000 93724 103808
8000 93711 103808
8000 93783 103808
8000 93688 103808
8000 93595 103808
8000 93726 103808
8000 93682 103808
8000 93713 103808
8000 93663 103808
8000 93625 103808
8000 93765 103808
8000 93715 103808
8000 93678 103808
8000 93682 103808
8000 93672 103808
8000 93624 103808
8000 93631 103808
8000 93587 103808
8000 93692 103808
8000 93569 103808
8000 93631 103808
8000 93729 103808
8000 93596 103808
8000 93723 103808
8000 93585 103808
8000 93694 103808
8000 93642 103808
8000 93663 103808
8000 93636 103808
8000 93574 103808
8000 93610 103808
8000 93595 103808
8000 93600 103808
8000 93607 103808
8000 93582 103808
8000 93665 103808
8000 93702 103808
8000 93759 103808
8000 93630 103808
8000 93666 103808
8000 93581 103808
8000 93675 103808
8000 93714 103808
8000 93648 103808
8000 93730 103808
8000 93655 103808
8000 93674 103808
8000 93654 103808
8000 93685 103808
8000 93661 103808
8000 93707 103808
8000 93500 103808
8000 93601 103808
8000 93719 103808
8000 93608 103808
8000 93694 103808
8000 93643 103808
8000 93554 103808
8000 93802 103808
8000 93605 103808
8000 93616 103808
8000 93647 103808
8000 93645 103808
8000 93695 103808
8000 93614 103808
8000 93688 103808
8000 93686 103808
8000 93684 103808
8000 93697 103808
8000 93575 103808
8000 93560 103808
8000 93571 103808
8000 93670 103808
8000 93625 103808
8000 93691 103808
8000 93702 103808
8000 93670 103808
8000 93640 103808
8000 93563 103808
8000 93651 103808
8000 93680 103808
8000 93709 103808
8000 93622 103808
8000 93677 103808
8000 93713 103808
8000 93658 103808
8000 93629 103808
8000 93657 103808
8000 93593 103808
8000 93667 103808
8000 93590 103808
8000 93574 103808
8000 93568 103808
8000 93694 103808
8000 93569 103808
9000 106968 118616
9000 107048 118616
9000 107057 118616
9000 107005 118616
9000 107044 118616
9000 106924 118616
9000 106884 118616
9000 106861 118616
9000 106943 118616
9000 107143 118616
9000 107017 118616
9000 107045 118616
9000 106977 118616
9000 107002 118616
9000 106958 118616
9000 107064 118616
9000 106998 118616
9000 106983 118616
9000 107015 118616
9000 107021 118616
9000 106958 118616
9000 107076 118616
9000 106997 118616
9000 106945 118616
9000 106931 118616
9000 107082 118616
9000 107024 118616
9000 106954 118616
9000 106982 118616
9000 106961 118616
9000 106855 118616
9000 107046 118616
9000 106910 118616
9000 106950 118616
9000 107009 118616
9000 106978 118616
9000 106891 118616
9000 107066 118616
9000 107044 118616
9000 106988 118616
9000 106942 118616
9000 107035 118616
9000 106970 118616
9000 106952 118616
9000 106905 118616
9000 106937 118616
9000 107089 118616
9000 107024 118616
9000 106992 118616
9000 106989 118616
9000 106955 118616
9000 107021 118616
9000 106979 118616
9000 106902 118616
9000 107019 118616
9000 106934 118616
9000 106969 118616
9000 106946 118616
9000 106896 118616
9000 106991 118616
9000 106912 118616
9000 106981 118616
9000 107012 118616
9000 107028 118616
9000 106900 118616
9000 106973 118616
9000 106986 118616
9000 106976 118616
9000 107063 118616
9000 106908 118616
9000 107016 118616
9000 106946 118616
9000 106938 118616
9000 106948 118616
9000 107084 118616
9000 106926 118616
9000 106900 118616
9000 107050 118616
9000 107107 118616
9000 106963 118616
9000 107061 118616
9000 106994 118616
9000 106836 118616
9000 106986 118616
9000 106994 118616
9000 106970 118616
9000 106946 118616
9000 107007 118616
9000 107006 118616
9000 106918 118616
9000 106953 118616
9000 107027 118616
9000 106986 118616
9000 106965 118616
9000 106963 118616
9000 106975 118616
9000 106979 118616
9000 106993 118616
9000 106977 118616
9000 107032 118616
10000 120466 133616
10000 120414 133616
10000 120535 133616
10000 120343 133616
10000 120502 133616
10000 120345 133616
10000 120405 133616
10000 120294 133616
10000 120464 133616
10000 120376 133616
10000 120389 133616
10000 120429 133616
10000 120453 133616
10000 120478 133616
10000 120420 133616
10000 120364 133616
10000 120479 133616
10000 120360 133616
10000 120423 133616
10000 120465 133616
10000 120618 133616
10000 120421 133616
10000 120553 133616
10000 120487 133616
10000 120460 133616
10000 120457 133616
10000 120461 133616
10000 120481 133616
10000 120497 133616
10000 120502 133616
10000 120488 133616
10000 120465 133616
10000 120392 133616
10000 120429 133616
10000 120559 133616
10000 120410 133616
10000 120517 133616
10000 120373 133616
10000 120436 133616
10000 120424 133616
10000 120397 133616
10000 120442 133616
10000 120468 133616
10000 120348 133616
10000 120525 133616
10000 120475 133616
10000 120435 133616
10000 120518 133616
10000 120423 133616
10000 120337 133616
10000 120514 133616
10000 120530 133616
10000 120497 133616
10000 120476 133616
10000 120470 133616
10000 120416 133616
10000 120481 133616
10000 120459 133616
10000 120530 133616
10000 120372 133616
10000 120506 133616
10000 120390 133616
10000 120458 133616
10000 120430 133616
10000 120490 133616
10000 120359 133616
10000 120450 133616
10000 120441 133616
10000 120454 133616
10000 120504 133616
10000 120471 133616
10000 120508 133616
10000 120463 133616
10000 120427 133616
10000 120484 133616
10000 120561 133616
10000 120568 133616
10000 120470 133616
10000 120398 133616
10000 120426 133616
10000 120536 133616
10000 120422 133616
10000 120521 133616
10000 120414 133616
10000 120477 133616
10000 120485 133616
10000 120410 133616
10000 120370 133616
10000 120467 133616
10000 120462 133616
10000 120388 133616
10000 120397 133616
10000 120457 133616
10000 120501 133616
10000 120529 133616
10000 120508 133616
10000 120472 133616
10000 120396 133616
10000 120518 133616
10000 120346 133616
11000 133973 148616
11000 134016 148616
11000 134068 148616
11000 133907 148616
11000 134086 148616
11000 134084 148616
11000 133980 148616
11000 134098 148616
11000 134020 148616
11000 133932 148616
11000 133955 148616
11000 133972 148616
11000 134120 148616
11000 134016 148616
11000 134002 148616
11000 134066 148616
11000 133980 148616
11000 134026 148616
11000 134067 148616
11000 134075 148616
11000 133953 148616
11000 134028 148616
11000 133992 148616
11000 134047 148616
11000 133959 148616
11000 134002 148616
11000 133981 148616
11000 133986 148616
11000 133929 148616
11000 134044 148616
11000 133985 148616
11000 134107 148616
11000 134112 148616
11000 133868 148616
11000 134056 148616
11000 134116 148616
11000 134121 148616
11000 134022 148616
11000 134008 148616
11000 133975 148616
11000 134080 148616
11000 134166 148616
11000 133919 148616
11000 134030 148616
11000 134147 148616
11000 134192 148616
11000 133940 148616
11000 134024 148616
11000 134036 148616
11000 134163 148616
11000 133956 148616
11000 134037 148616
11000 134082 148616
11000 134016 148616
11000 133911 148616
11000 134090 148616
11000 134159 148616
11000 134027 148616
11000 134085 148616
11000 134016 148616
11000 134049 148616
11000 134105 148616
11000 133978 148616
11000 134068 148616
11000 134034 148616
11000 133908 148616
11000 134014 148616
11000 134051 148616
11000 134024 148616
11000 133987 148616
11000 133976 148616
11000 133983 148616
11000 134003 148616
11000 134037 148616
11000 134058 148616
11000 133998 148616
11000 134065 148616
11000 134012 148616
11000 133939 148616
11000 133914 148616
11000 134041 148616
11000 133962 148616
11000 134064 148616
11000 134034 148616
11000 133955 148616
11000 134090 148616
11000 134035 148616
11000 134043 148616
11000 134044 148616
11000 134011 148616
11000 133986 148616
11000 133966 148616
11000 134069 148616
11000 134014 148616
11000 134178 148616
11000 133963 148616
11000 133994 148616
11000 133995 148616
11000 134037 148616
11000 134083 148616
12000 147669 163616
12000 147768 163616
12000 147663 163616
12000 147660 163616
12000 147645 163616
12000 147763 163616
12000 147750 163616
12000 147767 163616
12000 147579 163616
12000 147564 163616
12000 147578 163616
12000 147784 163616
12000 147731 163616
12000 147679 163616
12000 147770 163616
12000 147713 163616
12000 147600 163616
12000 147730 163616
12000 147704 163616
12000 147727 163616
12000 147497 163616
12000 147645 163616
12000 147710 163616
12000 147652 163616
12000 147722 163616
12000 147705 163616
12000 147702 163616
12000 147755 163616
12000 147725 163616
12000 147697 163616
12000 147795 163616
12000 147590 163616
12000 147691 163616
12000 147613 163616
12000 147591 163616
12000 147727 163616
12000 147648 163616
12000 147756 163616
12000 147667 163616
12000 147628 163616
12000 147691 163616
12000 147707 163616
12000 147616 163616
12000 147703 163616
12000 147650 163616
12000 147657 163616
12000 147657 163616
12000 147612 163616
12000 147702 163616
12000 147629 163616
12000 147620 163616
12000 147610 163616
12000 147780 163616
12000 147623 163616
12000 147692 163616
12000 147624 163616
12000 147716 163616
12000 147656 163616
12000 147672 163616
12000 147719 163616
12000 147736 163616
12000 147703 163616
12000 147683 163616
12000 147740 163616
12000 147668 163616
12000 147690 163616
12000 147696 163616
12000 147650 163616
12000 147732 163616
12000 147711 163616
12000 147649 163616
12000 147615 163616
12000 147686 163616
12000 147747 163616
12000 147731 163616
12000 147727 163616
12000 147691 163616
12000 147631 163616
12000 147773 163616
12000 147771 163616
12000 147722 163616
12000 147695 163616
12000 147710 163616
12000 147693 163616
12000 147655 163616
12000 147577 163616
12000 147592 163616
12000 147545 163616
12000 147638 163616
12000 147659 163616
12000 147694 163616
12000 147631 163616
12000 147649 163616
12000 147706 163616
12000 147748 163616
12000 147694 163616
12000 147685 163616
12000 147695 163616
12000 147719 163616
12000 147689 163616
13000 161550 178616
13000 161518 178616
13000 161449 178616
13000 161526 178616
13000 161270 178616
13000 161348 178616
13000 161409 178616
13000 161362 178616
13000 161530 178616
13000 161335 178616
13000 161385 178616
13000 161609 178616
13000 161573 178616
13000 161521 178616
13000 161412 178616
13000 161523 178616
13000 161618 178616
13000 161499 178616
13000 161457 178616
13000 161371 178616
13000 161619 178616
13000 161463 178616
13000 161449 178616
13000 161502 178616
13000 161397 178616
13000 161521 178616
13000 161548 178616
13000 161373 178616
13000 161455 178616
13000 161473 178616
13000 161456 178616
13000 161494 178616
13000 161415 178616
13000 161537 178616
13000 161533 178616
13000 161572 178616
13000 161495 178616
13000 161594 178616
13000 161422 178616
13000 161494 178616
13000 161517 178616
13000 161475 178616
13000 161462 178616
13000 161482 178616
13000 161520 178616
13000 161479 178616
13000 161494 178616
13000 161437 178616
13000 161448 178616
13000 161550 178616
13000 161547 178616
13000 161440 178616
13000 161535 178616
13000 161454 178616
13000 161407 178616
13000 161458 178616
13000 161514 178616
13000 161526 178616
13000 161425 178616
13000 161496 178616
13000 161384 178616
13000 161527 178616
13000 161472 178616
13000 161268 178616
13000 161482 178616
13000 161563 178616
13000 161549 178616
13000 161544 178616
13000 161505 178616
13000 161372 178616
13000 161532 178616
13000 161312 178616
13000 161529 178616
13000 161597 178616
13000 161481 178616
13000 161547 178616
13000 161499 178616
13000 161399 178616
13000 161509 178616
13000 161359 178616
13000 161329 178616
13000 161388 178616
13000 161458 178616
13000 161423 178616
13000 161524 178616
13000 161488 178616
13000 161552 178616
13000 161443 178616
13000 161497 178616
13000 161420 178616
13000 161527 178616
13000 161420 178616
13000 161388 178616
13000 161449 178616
13000 161574 178616
13000 161466 178616
13000 161506 178616
13000 161451 178616
13000 161472 178616
13000 161461 178616
14000 175356 193616
14000 175399 193616
14000 175434 193616
14000 175338 193616
14000 175477 193616
14000 175318 193616
14000 175472 193616
14000 175334 193616
14000 175490 193616
14000 175313 193616
14000 175434 193616
14000 175307 193616
14000 175433 193616
14000 175324 193616
14000 175421 193616
14000 175459 193616
14000 175291 193616
14000 175381 193616
14000 175372 193616
14000 175398 193616
14000 175501 193616
14000 175309 193616
14000 175293 193616
14000 175416 193616
14000 175290 193616
14000 175186 193616
14000 175400 193616
14000 175369 193616
14000 175339 193616
14000 175432 193616
14000 175520 193616
14000 175396 193616
14000 175325 193616
14000 175464 193616
14000 175419 193616
14000 175358 193616
14000 175462 193616
14000 175304 193616
14000 175370 193616
14000 175422 193616
14000 175452 193616
14000 175406 193616
14000 175289 193616
14000 175361 193616
14000 175292 193616
14000 175369 193616
14000 175312 193616
14000 175253 193616
14000 175368 193616
14000 175261 193616
14000 175321 193616
14000 175446 193616
14000 175478 193616
14000 175265 193616
14000 175506 193616
14000 175364 193616
14000 175446 193616
14000 175316 193616
14000 175356 193616
14000 175316 193616
14000 175390 193616
14000 175310 193616
14000 175368 193616
14000 175357 193616
14000 175404 193616
14000 175530 193616
14000 175335 193616
14000 175368 193616
14000 175437 193616
14000 175523 193616
14000 175329 193616
14000 175351 193616
14000 175342 193616
14000 175337 193616
14000 175322 193616
14000 175411 193616
14000 175362 193616
14000 175363 193616
14000 175421 193616
14000 175323 193616
14000 175322 193616
14000 175302 193616
14000 175306 193616
14000 175237 193616
14000 175260 193616
14000 175363 193616
14000 175166 193616
14000 175379 193616
14000 175489 193616
14000 175320 193616
14000 175501 193616
14000 175249 193616
14000 175358 193616
14000 175348 193616
14000 175301 193616
14000 175262 193616
14000 175364 193616
14000 175276 193616
14000 175339 193616
14000 175426 193616
15000 189294 208616
15000 189250 208616
15000 189338 208616
15000 189279 208616
15000 189133 208616
15000 189216 208616
15000 189273 208616
15000 189126 208616
15000 189204 208616
15000 189241 208616
15000 189235 208616
15000 189382 208616
15000 189296 208616
15000 189186 208616
15000 189242 208616
15000 189322 208616
15000 189371 208616
15000 189234 208616
15000 189217 208616
15000 189182 208616
15000 189365 208616
15000 189236 208616
15000 189344 208616
15000 189350 208616
15000 189348 208616
15000 189242 208616
15000 189203 208616
15000 189105 208616
15000 189283 208616
15000 189132 208616
15000 189159 208616
15000 189324 208616
15000 189214 208616
15000 189207 208616
15000 189191 208616
15000 189236 208616
15000 189223 208616
15000 189406 208616
15000 189328 208616
15000 189348 208616
15000 189413 208616
15000 189337 208616
15000 189299 208616
15000 189232 208616
15000 189336 208616
15000 189275 208616
15000 189315 208616
15000 189275 208616
15000 189391 208616
15000 189218 208616
15000 189259 208616
15000 189351 208616
15000 189259 208616
15000 189206 208616
15000 189243 208616
15000 189192 208616
15000 189347 208616
15000 189196 208616
15000 189236 208616
15000 189261 208616
15000 189353 208616
15000 189323 208616
15000 189334 208616
15000 189224 208616
15000 189303 208616
15000 189282 208616
15000 189279 208616
15000 189321 208616
15000 189200 208616
15000 189380 208616
15000 189308 208616
15000 189314 208616
15000 189286 208616
15000 189157 208616
15000 189252 208616
15000 189371 208616
15000 189298 208616
15000 189361 208616
15000 189303 208616
15000 189435 208616
15000 189208 208616
15000 189259 208616
15000 189264 208616
15000 189318 208616
15000 189338 208616
15000 189170 208616
15000 189415 208616
15000 189307 208616
15000 189290 208616
15000 189283 208616
15000 189286 208616
15000 189244 208616
15000 189318 208616
15000 189322 208616
15000 189293 208616
15000 189331 208616
15000 189251 208616
15000 189318 208616
15000 189198 208616
15000 189499 208616
16000 203215 223616
16000 203242 223616
16000 203237 223616
16000 203209 223616
16000 203281 223616
16000 203311 223616
16000 203240 223616
16000 203271 223616
16000 203209 223616
16000 203342 223616
16000 203301 223616
16000 203282 223616
16000 203173 223616
16000 203196 223616
16000 203253 223616
16000 203453 223616
16000 203216 223616
16000 203281 223616
16000 203258 223616
16000 203297 223616
16000 203434 223616
16000 203396 223616
16000 203312 223616
16000 203271 223616
16000 203345 223616
16000 203318 223616
16000 203302 223616
16000 203318 223616
16000 203367 223616
16000 203283 223616
16000 203220 223616
16000 203258 223616
16000 203304 223616
16000 203343 223616
16000 203309 223616
16000 203290 223616
16000 203225 223616
16000 203173 223616
16000 203287 223616
16000 203241 223616
16000 203316 223616
16000 203315 223616
16000 203212 223616
16000 203286 223616
16000 203239 223616
16000 203298 223616
16000 203213 223616
16000 203137 223616
16000 203344 223616
16000 203321 223616
16000 203268 223616
16000 203194 223616
16000 203265 223616
16000 203292 223616
16000 203344 223616
16000 203273 223616
16000 203330 223616
16000 203152 223616
16000 203214 223616
16000 203236 223616
16000 203261 223616
16000 203182 223616
16000 203285 223616
16000 203471 223616
16000 203334 223616
16000 203374 223616
16000 203219 223616
16000 203334 223616
16000 203385 223616
16000 203265 223616
16000 203373 223616
16000 203263 223616
16000 203320 223616
16000 203320 223616
16000 203153 223616
16000 203209 223616
16000 203193 223616
16000 203205 223616
16000 203219 223616
16000 203291 223616
16000 203188 223616
16000 203271 223616
16000 203267 223616
16000 203158 223616
16000 203358 223616
16000 203298 223616
16000 203232 223616
16000 203304 223616
16000 203161 223616
16000 203304 223616
16000 203174 223616
16000 203191 223616
16000 203285 223616
16000 203245 223616
16000 203347 223616
16000 203394 223616
16000 203294 223616
16000 203403 223616
16000 203182 223616
16000 203309 223616
17000 217300 239232
17000 217516 239232
17000 217610 239232
17000 217504 239232
17000 217472 239232
17000 217470 239232
17000 217603 239232
17000 217458 239232
17000 217510 239232
17000 217597 239232
17000 217636 239232
17000 217505 239232
17000 217672 239232
17000 217456 239232
17000 217593 239232
17000 217540 239232
17000 217554 239232
17000 217522 239232
17000 217362 239232
17000 217598 239232
17000 217601 239232
17000 217603 239232
17000 217549 239232
17000 217614 239232
17000 217426 239232
17000 217518 239232
17000 217606 239232
17000 217564 239232
17000 217529 239232
17000 217540 239232
17000 217558 239232
17000 217665 239232
17000 217561 239232
17000 217595 239232
17000 217717 239232
17000 217653 239232
17000 217555 239232
17000 217522 239232
17000 217393 239232
17000 217469 239232
17000 217573 239232
17000 217510 239232
17000 217662 239232
17000 217609 239232
17000 217538 239232
17000 217513 239232
17000 217524 239232
17000 217504 239232
17000 217508 239232
17000 217566 239232
17000 217613 239232
17000 217522 239232
17000 217536 239232
17000 217450 239232
17000 217447 239232
17000 217477 239232
17000 217465 239232
17000 217542 239232
17000 217502 239232
17000 217606 239232
17000 217653 239232
17000 217618 239232
17000 217516 239232
17000 217681 239232
17000 217562 239232
17000 217586 239232
17000 217538 239232
17000 217657 239232
17000 217586 239232
17000 217482 239232
17000 217418 239232
17000 217737 239232
17000 217394 239232
17000 217604 239232
17000 217515 239232
17000 217564 239232
17000 217527 239232
17000 217521 239232
17000 217533 239232
17000 217498 239232
17000 217523 239232
17000 217516 239232
17000 217419 239232
17000 217531 239232
17000 217556 239232
17000 217572 239232
17000 217431 239232
17000 217583 239232
17000 217398 239232
17000 217618 239232
17000 217598 239232
17000 217491 239232
17000 217659 239232
17000 217483 239232
17000 217440 239232
17000 217567 239232
17000 217676 239232
17000 217604 239232
17000 217448 239232
17000 217470 239232
18000 231918 255232
18000 231988 255232
18000 231837 255232
18000 232066 255232
18000 231964 255232
18000 231984 255232
18000 232013 255232
18000 231924 255232
18000 231970 255232
18000 231822 255232
18000 231961 255232
18000 231879 255232
18000 232003 255232
18000 231911 255232
18000 232125 255232
18000 231996 255232
18000 231972 255232
18000 232028 255232
18000 231755 255232
18000 231895 255232
18000 231956 255232
18000 232046 255232
18000 231931 255232
18000 231869 255232
18000 232083 255232
18000 231973 255232
18000 231755 255232
18000 231906 255232
18000 232011 255232
18000 231763 255232
18000 232009 255232
18000 232096 255232
18000 231923 255232
18000 231930 255232
18000 232037 255232
18000 232015 255232
18000 232008 255232
18000 232057 255232
18000 231977 255232
18000 231875 255232
18000 231914 255232
18000 231877 255232
18000 231846 255232
18000 232090 255232
18000 231925 255232
18000 232051 255232
18000 232020 255232
18000 231874 255232
18000 231988 255232
18000 231926 255232
18000 232024 255232
18000 232034 255232
18000 232009 255232
18000 231930 255232
18000 232045 255232
18000 232035 255232
18000 231924 255232
18000 231799 255232
18000 232121 255232
18000 232009 255232
18000 232014 255232
18000 231971 255232
18000 231911 255232
18000 231842 255232
18000 232081 255232
18000 232146 255232
18000 231871 255232
18000 232009 255232
18000 232076 255232
18000 231829 255232
18000 232019 255232
18000 231907 255232
18000 231873 255232
18000 231914 255232
18000 231833 255232
18000 231932 255232
18000 231958 255232
18000 231995 255232
18000 232041 255232
18000 232001 255232
18000 232085 255232
18000 232071 255232
18000 231872 255232
18000 231892 255232
18000 231962 255232
18000 231987 255232
18000 231932 255232
18000 231928 255232
18000 231855 255232
18000 231825 255232
18000 231925 255232
18000 231993 255232
18000 231834 255232
18000 231903 255232
18000 231947 255232
18000 231837 255232
18000 231979 255232
18000 231871 255232
18000 232116 255232
18000 232064 255232
19000 246434 271232
19000 246496 271232
19000 246335 271232
19000 246377 271232
19000 246467 271232
19000 246404 271232
19000 246292 271232
19000 246495 271232
19000 246426 271232
19000 246281 271232
19000 246304 271232
19000 246530 271232
19000 246327 271232
19000 246325 271232
19000 246511 271232
19000 246549 271232
19000 246479 271232
19000 246339 271232
19000 246393 271232
19000 246495 271232
19000 246353 271232
19000 246510 271232
19000 246420 271232
19000 246442 271232
19000 246408 271232
19000 246463 271232
19000 246523 271232
19000 246316 271232
19000 246349 271232
19000 246444 271232
19000 246458 271232
19000 246431 271232
19000 246323 271232
19000 246434 271232
19000 246459 271232
19000 246382 271232
19000 246471 271232
19000 246579 271232
19000 246472 271232
19000 246407 271232
19000 246501 271232
19000 246311 271232
19000 246457 271232
19000 246293 271232
19000 246275 271232
19000 246514 271232
19000 246274 271232
19000 246431 271232
19000 246500 271232
19000 246399 271232
19000 246463 271232
19000 246434 271232
19000 246523 271232
19000 246450 271232
19000 246445 271232
19000 246404 271232
19000 246491 271232
19000 246444 271232
19000 246396 271232
19000 246468 271232
19000 246423 271232
19000 246372 271232
19000 246541 271232
19000 246367 271232
19000 246427 271232
19000 246532 271232
19000 246274 271232
19000 246343 271232
19000 246416 271232
19000 246398 271232
19000 246315 271232
19000 246414 271232
19000 246367 271232
19000 246453 271232
19000 246435 271232
19000 246485 271232
19000 246401 271232
19000 246336 271232
19000 246382 271232
19000 246253 271232
19000 246331 271232
19000 246486 271232
19000 246450 271232
19000 246562 271232
19000 246384 271232
19000 246395 271232
19000 246467 271232
19000 246323 271232
19000 246407 271232
19000 246310 271232
19000 246558 271232
19000 246441 271232
19000 246399 271232
19000 246382 271232
19000 246321 271232
19000 246506 271232
19000 246338 271232
19000 246354 271232
19000 246321 271232
19000 246438 271232
20000 260921 287232
20000 260966 287232
20000 260789 287232
20000 260942 287232
20000 260807 287232
20000 260900 287232
20000 260792 287232
20000 260932 287232
20000 260847 287232
20000 260987 287232
20000 260927 287232
20000 260932 287232
20000 260988 287232
20000 260907 287232
20000 260997 287232
20000 260941 287232
20000 260987 287232
20000 260862 287232
20000 260857 287232
20000 260880 287232
20000 260901 287232
20000 260832 287232
20000 260974 287232
20000 260649 287232
20000 261017 287232
20000 260941 287232
20000 260952 287232
20000 260903 287232
20000 260859 287232
20000 260855 287232
20000 260785 287232
20000 260932 287232
20000 261051 287232
20000 260763 287232
20000 260759 287232
20000 260746 287232
20000 261029 287232
20000 260861 287232
20000 260826 287232
20000 260848 287232
20000 260889 287232
20000 260904 287232
20000 260921 287232
20000 260873 287232
20000 261035 287232
20000 260934 287232
20000 261053 287232
20000 260983 287232
20000 260869 287232
20000 260818 287232
20000 260905 287232
20000 261051 287232
20000 260814 287232
20000 260968 287232
20000 260962 287232
20000 260907 287232
20000 260915 287232
20000 260736 287232
20000 261060 287232
20000 260873 287232
20000 260842 287232
20000 261006 287232
20000 260874 287232
20000 260950 287232
20000 260971 287232
20000 260994 287232
20000 260918 287232
20000 260973 287232
20000 260761 287232
20000 261069 287232
20000 260734 287232
20000 261026 287232
20000 260771 287232
20000 260842 287232
20000 260911 287232
20000 260876 287232
20000 260843 287232
20000 261017 287232
20000 261031 287232
20000 260922 287232
20000 260951 287232
20000 261008 287232
20000 261044 287232
20000 260891 287232
20000 261101 287232
20000 260782 287232
20000 260726 287232
20000 260786 287232
20000 260858 287232
20000 260992 287232
20000 260857 287232
20000 260916 287232
20000 260846 287232
20000 261000 287232
20000 260872 287232
20000 260818 287232
20000 260905 287232
20000 260961 287232
20000 260825 287232
20000 260779 287232
