10 55 11
10 62 12
10 63 12
10 46 10
10 55 11
10 51 10
10 51 11
10 49 11
10 49 10
10 52 10
10 50 9
10 57 12
10 52 11
10 53 9
10 55 10
10 61 11
10 48 11
10 54 11
10 47 10
10 47 10
10 55 9
10 56 12
10 56 12
10 52 10
10 51 12
10 47 11
10 48 10
10 48 10
10 53 11
10 55 10
10 60 11
10 50 10
10 54 12
10 52 11
10 60 11
10 45 12
10 57 11
10 56 11
10 55 11
10 58 10
10 56 13
10 53 12
10 51 13
10 52 12
10 48 11
10 54 10
10 52 12
10 65 10
10 52 10
10 59 11
10 48 11
10 47 9
10 49 10
10 52 11
10 52 12
10 43 9
10 59 10
10 59 11
10 58 12
10 54 10
10 52 9
10 49 12
10 57 12
10 57 11
10 56 11
10 51 10
10 54 11
10 48 12
10 54 12
10 60 10
10 64 12
10 54 11
10 52 12
10 43 10
10 47 10
10 51 11
10 56 12
10 56 13
10 47 11
10 55 11
10 52 11
10 56 12
10 57 13
10 40 10
10 45 10
10 56 11
10 53 12
10 53 11
10 46 13
10 50 11
10 56 10
10 51 9
10 52 11
10 57 12
10 47 9
10 51 11
10 59 11
10 46 10
10 48 11
10 47 11
20 134 30
20 132 26
20 131 25
20 135 29
20 128 31
20 139 26
20 132 24
20 167 26
20 129 29
20 140 27
20 127 23
20 159 25
20 138 28
20 148 27
20 127 27
20 136 29
20 143 26
20 136 25
20 129 26
20 128 27
20 135 25
20 137 28
20 125 28
20 143 30
20 144 27
20 133 26
20 130 26
20 146 27
20 124 25
20 129 29
20 143 28
20 170 25
20 148 28
20 140 26
20 129 29
20 134 28
20 130 26
20 135 26
20 131 27
20 141 26
20 122 23
20 130 29
20 133 26
20 123 26
20 119 28
20 144 26
20 118 24
20 139 26
20 125 24
20 110 28
20 126 26
20 125 27
20 125 27
20 129 26
20 120 27
20 134 25
20 153 24
20 122 27
20 133 28
20 136 25
20 113 29
20 139 27
20 130 28
20 113 24
20 123 25
20 124 25
20 179 24
20 139 25
20 145 25
20 134 28
20 131 27
20 133 25
20 122 29
20 123 25
20 138 30
20 128 25
20 133 29
20 134 29
20 133 22
20 138 27
20 129 27
20 130 26
20 136 26
20 132 24
20 134 27
20 120 28
20 129 27
20 144 27
20 134 27
20 146 28
20 122 28
20 120 25
20 144 28
20 124 27
20 128 24
20 130 25
20 138 29
20 155 22
20 152 27
20 138 25
30 222 48
30 229 43
30 206 41
30 231 43
30 221 42
30 223 44
30 231 44
30 209 47
30 211 50
30 275 42
30 213 46
30 216 43
30 224 39
30 228 44
30 258 46
30 223 40
30 225 45
30 211 46
30 210 39
30 229 43
30 218 44
30 223 45
30 217 38
30 217 44
30 194 49
30 237 43
30 228 40
30 211 44
30 230 42
30 228 45
30 213 41
30 207 41
30 213 50
30 224 45
30 216 44
30 226 44
30 214 47
30 234 48
30 234 46
30 210 42
30 207 45
30 206 47
30 202 46
30 227 41
30 237 46
30 208 48
30 218 50
30 220 39
30 214 43
30 200 42
30 225 44
30 223 44
30 233 41
30 216 48
30 201 47
30 243 41
30 222 44
30 236 45
30 241 46
30 199 42
30 217 41
30 203 42
30 238 44
30 209 42
30 224 43
30 219 44
30 232 42
30 218 44
30 223 43
30 216 45
30 205 39
30 233 40
30 237 41
30 241 43
30 204 45
30 205 42
30 233 44
30 203 43
30 229 41
30 214 42
30 228 46
30 228 45
30 220 46
30 226 46
30 232 45
30 209 47
30 219 43
30 214 44
30 219 48
30 217 46
30 213 50
30 238 42
30 227 43
30 225 48
30 205 45
30 205 43
30 207 42
30 234 42
30 252 41
30 236 43
40 356 66
40 312 65
40 369 62
40 332 61
40 290 71
40 334 57
40 316 62
40 338 63
40 287 57
40 353 58
40 318 61
40 312 67
40 312 62
40 364 69
40 300 63
40 320 63
40 298 59
40 338 57
40 298 67
40 312 65
40 309 65
40 350 62
40 308 67
40 329 61
40 371 61
40 318 60
40 311 63
40 293 66
40 331 62
40 308 63
40 314 60
40 296 63
40 304 55
40 326 63
40 312 62
40 293 65
40 284 62
40 360 59
40 333 59
40 287 67
40 319 64
40 311 66
40 314 61
40 316 62
40 348 60
40 353 63
40 326 64
40 342 62
40 331 66
40 308 66
40 318 60
40 323 70
40 309 62
40 296 62
40 308 65
40 336 63
40 294 65
40 292 62
40 316 64
40 338 65
40 301 62
40 315 63
40 327 66
40 317 60
40 297 61
40 315 63
40 362 62
40 303 61
40 321 61
40 322 65
40 335 63
40 316 63
40 333 63
40 319 61
40 309 63
40 314 57
40 312 59
40 344 58
40 287 69
40 327 61
40 322 60
40 356 63
40 312 63
40 323 61
40 328 62
40 288 61
40 288 69
40 318 69
40 337 67
40 292 69
40 333 64
40 311 61
40 330 63
40 323 66
40 313 68
40 336 63
40 320 62
40 300 61
40 314 65
40 339 59
50 414 83
50 413 75
50 424 86
50 433 76
50 401 83
50 384 83
50 375 79
50 433 82
50 434 80
50 401 76
50 456 82
50 393 88
50 428 84
50 410 76
50 499 80
50 466 78
50 435 83
50 480 79
50 447 77
50 427 82
50 419 83
50 366 83
50 416 77
50 364 79
50 466 76
50 424 86
50 422 81
50 398 80
50 415 86
50 398 71
50 432 79
50 408 81
50 449 84
50 441 77
50 429 83
50 476 77
50 536 74
50 438 83
50 436 78
50 412 81
50 400 83
50 419 83
50 406 81
50 423 85
50 436 82
50 423 81
50 418 82
50 434 79
50 443 82
50 462 77
50 384 85
50 406 81
50 422 81
50 427 80
50 487 79
50 400 81
50 452 81
50 411 81
50 515 81
50 472 73
50 446 81
50 405 85
50 439 79
50 397 88
50 416 82
50 396 80
50 421 78
50 405 78
50 438 84
50 370 79
50 433 81
50 402 82
50 380 78
50 424 79
50 434 78
50 397 78
50 449 80
50 432 82
50 414 82
50 406 82
50 398 83
50 400 82
50 376 76
50 400 86
50 418 79
50 417 83
50 444 77
50 414 79
50 436 83
50 387 87
50 406 79
50 457 80
50 420 80
50 451 76
50 418 81
50 422 81
50 425 79
50 457 83
50 461 83
50 411 89
60 499 101
60 545 99
60 574 102
60 527 94
60 511 96
60 490 108
60 474 103
60 545 100
60 526 102
60 549 100
60 546 101
60 523 99
60 507 97
60 521 107
60 528 98
60 506 111
60 513 104
60 496 101
60 505 101
60 596 96
60 519 101
60 497 106
60 510 106
60 497 108
60 517 101
60 540 102
60 546 98
60 559 100
60 485 105
60 515 107
60 547 102
60 510 106
60 571 100
60 484 100
60 530 101
60 528 95
60 536 102
60 507 106
60 472 101
60 549 99
60 586 101
60 481 101
60 509 106
60 507 104
60 522 102
60 506 102
60 556 93
60 589 98
60 489 96
60 542 106
60 558 97
60 549 98
60 511 106
60 523 103
60 526 108
60 580 98
60 550 102
60 496 105
60 556 107
60 541 103
60 515 105
60 521 101
60 480 102
60 545 102
60 527 100
60 535 95
60 527 102
60 576 102
60 538 98
60 456 101
60 510 111
60 503 96
60 532 98
60 498 100
60 492 101
60 509 100
60 503 107
60 552 100
60 497 103
60 509 103
60 676 101
60 537 107
60 540 102
60 529 103
60 545 99
60 490 105
60 512 97
60 489 97
60 545 100
60 529 96
60 543 101
60 627 95
60 520 105
60 524 93
60 475 99
60 531 99
60 491 106
60 513 101
60 540 97
60 507 100
70 634 127
70 612 122
70 608 128
70 623 122
70 617 123
70 616 123
70 770 116
70 673 114
70 640 119
70 601 118
70 641 124
70 687 122
70 618 122
70 655 121
70 603 113
70 614 123
70 742 119
70 614 121
70 585 132
70 654 121
70 612 130
70 637 123
70 600 119
70 683 121
70 679 117
70 680 124
70 629 122
70 700 114
70 608 126
70 657 117
70 619 125
70 634 121
70 711 123
70 606 118
70 624 128
70 631 119
70 615 121
70 608 128
70 637 113
70 619 123
70 626 118
70 603 118
70 623 122
70 626 126
70 702 122
70 667 128
70 682 120
70 604 128
70 570 118
70 594 122
70 623 121
70 740 127
70 639 128
70 602 123
70 662 121
70 687 121
70 651 125
70 678 123
70 706 122
70 649 120
70 628 119
70 598 123
70 808 113
70 660 117
70 613 123
70 606 114
70 726 116
70 799 119
70 633 127
70 677 121
70 675 120
70 634 127
70 655 123
70 690 124
70 611 123
70 611 126
70 641 120
70 642 121
70 638 124
70 639 120
70 687 116
70 597 123
70 590 120
70 674 117
70 653 123
70 616 121
70 655 125
70 659 117
70 626 117
70 734 120
70 655 123
70 692 117
70 626 124
70 608 128
70 667 118
70 631 122
70 620 127
70 632 120
70 628 117
70 674 134
80 722 140
80 677 149
80 765 131
80 768 141
80 758 137
80 752 149
80 778 146
80 748 143
80 667 149
80 697 160
80 797 147
80 764 145
80 805 146
80 726 147
80 767 139
80 760 136
80 797 134
80 780 141
80 770 151
80 736 145
80 886 140
80 809 137
80 762 147
80 777 149
80 839 138
80 789 148
80 739 145
80 796 143
80 727 145
80 724 135
80 770 139
80 726 140
80 755 138
80 754 145
80 748 139
80 738 146
80 783 140
80 756 149
80 791 145
80 788 143
80 709 142
80 779 153
80 721 141
80 726 140
80 718 131
80 783 141
80 752 144
80 757 142
80 693 138
80 789 141
80 771 136
80 735 142
80 743 140
80 741 144
80 729 146
80 745 146
80 775 143
80 740 147
80 704 148
80 726 147
80 728 150
80 719 144
80 779 144
80 713 157
80 702 142
80 694 144
80 744 147
80 736 145
80 691 142
80 784 147
80 731 142
80 721 152
80 828 136
80 763 145
80 730 149
80 825 148
80 775 150
80 741 143
80 903 128
80 795 143
80 817 139
80 723 144
80 831 142
80 708 150
80 733 141
80 763 141
80 864 134
80 753 144
80 684 142
80 768 142
80 769 137
80 722 142
80 810 142
80 798 143
80 676 136
80 663 150
80 744 145
80 781 146
80 748 145
80 802 136
90 783 168
90 915 153
90 886 166
90 840 173
90 847 164
90 923 158
90 796 166
90 905 167
90 843 159
90 951 157
90 846 165
90 919 171
90 871 158
90 848 162
90 896 158
90 874 165
90 900 171
90 944 164
90 965 158
90 898 165
90 842 172
90 872 163
90 815 170
90 824 165
90 824 168
90 815 163
90 886 171
90 851 160
90 875 163
90 872 168
90 801 159
90 988 164
90 879 162
90 840 169
90 835 166
90 920 159
90 830 164
90 816 172
90 835 167
90 867 158
90 898 168
90 878 168
90 843 155
90 889 171
90 918 159
90 1061 162
90 835 164
90 815 164
90 900 167
90 871 163
90 886 167
90 827 166
90 874 161
90 926 165
90 874 164
90 887 165
90 867 161
90 862 164
90 794 166
90 986 157
90 875 158
90 983 166
90 838 167
90 855 163
90 834 171
90 806 166
90 853 170
90 909 162
90 890 162
90 843 169
90 875 172
90 895 166
90 840 170
90 888 160
90 864 164
90 824 169
90 814 171
90 837 158
90 814 163
90 891 160
90 798 161
90 876 172
90 917 164
90 865 168
90 789 170
90 960 171
90 933 160
90 810 175
90 835 161
90 870 170
90 848 161
90 846 166
90 830 176
90 800 165
90 790 166
90 852 168
90 877 161
90 826 172
90 863 167
90 912 165
100 907 194
100 956 196
100 966 195
100 1028 183
100 913 183
100 976 185
100 1010 182
100 948 185
100 1008 183
100 921 182
100 1056 177
100 976 190
100 959 182
100 1013 177
100 1061 188
100 917 193
100 1059 184
100 1003 186
100 1068 184
100 1017 193
100 965 191
100 1098 178
100 918 194
100 980 185
100 978 188
100 968 192
100 953 187
100 904 185
100 937 169
100 1012 191
100 944 182
100 1080 186
100 1015 176
100 958 177
100 1029 182
100 1067 190
100 1059 182
100 938 182
100 1228 189
100 982 187
100 1009 189
100 966 193
100 952 184
100 1056 189
100 944 194
100 940 187
100 952 186
100 988 190
100 1010 194
100 988 184
100 998 184
100 978 188
100 941 187
100 961 183
100 1047 186
100 1070 184
100 938 185
100 954 178
100 963 184
100 945 186
100 988 190
100 956 188
100 1054 173
100 999 178
100 1108 179
100 1047 181
100 1002 199
100 1016 186
100 988 179
100 928 189
100 972 179
100 949 191
100 900 190
100 991 191
100 929 186
100 928 196
100 897 195
100 909 186
100 1123 172
100 1084 188
100 1047 185
100 981 184
100 932 182
100 978 194
100 971 184
100 968 177
100 1016 191
100 957 177
100 922 188
100 1079 192
100 1029 192
100 1027 185
100 976 187
100 1032 185
100 989 190
100 987 189
100 1008 179
100 983 190
100 1105 179
100 917 192
110 1001 208
110 1069 209
110 1065 210
110 1112 215
110 1171 213
110 1032 206
110 1078 209
110 1170 205
110 1143 206
110 1179 214
110 1094 212
110 1131 212
110 1052 219
110 1167 202
110 1049 207
110 1119 216
110 1062 208
110 1053 207
110 1137 206
110 1108 199
110 1137 213
110 1030 214
110 1062 209
110 1272 205
110 1041 219
110 1080 206
110 1081 203
110 1075 209
110 1060 203
110 1163 214
110 1047 201
110 1136 214
110 1047 212
110 1048 201
110 1068 204
110 1084 205
110 1138 215
110 1223 213
110 1141 200
110 1179 207
110 1000 214
110 1065 208
110 1116 210
110 1214 200
110 1137 199
110 1158 210
110 1073 204
110 1112 211
110 1100 214
110 1069 213
110 1038 209
110 1072 206
110 982 203
110 1265 202
110 1054 218
110 1061 210
110 1080 205
110 1084 204
110 1198 193
110 1004 214
110 1119 207
110 1051 210
110 1178 205
110 1117 209
110 1179 211
110 1066 208
110 1150 198
110 1102 207
110 1077 216
110 1257 203
110 1105 212
110 1026 210
110 1090 217
110 1020 199
110 1170 207
110 1100 208
110 1071 210
110 1040 212
110 1126 211
110 1059 210
110 1145 205
110 1044 219
110 1078 216
110 1249 206
110 1075 210
110 1019 214
110 1203 204
110 1014 213
110 1039 203
110 1052 212
110 1038 214
110 1174 212
110 1160 207
110 1088 216
110 1223 209
110 1123 215
110 1098 209
110 1111 204
110 1116 203
110 1150 203
120 1162 237
120 1150 231
120 1311 228
120 1208 242
120 1211 241
120 1176 230
120 1200 217
120 1194 235
120 1373 231
120 1175 239
120 1187 234
120 1237 228
120 1245 233
120 1188 236
120 1194 232
120 1217 245
120 1124 230
120 1172 236
120 1211 229
120 1371 225
120 1209 229
120 1430 222
120 1241 227
120 1161 239
120 1189 236
120 1206 229
120 1299 224
120 1222 232
120 1371 224
120 1211 236
120 1341 229
120 1229 243
120 1152 238
120 1184 227
120 1187 238
120 1362 234
120 1217 227
120 1142 233
120 1219 230
120 1296 229
120 1305 233
120 1150 233
120 1265 228
120 1152 223
120 1271 233
120 1205 224
120 1281 229
120 1111 233
120 1151 232
120 1249 227
120 1219 232
120 1187 226
120 1137 229
120 1373 226
120 1305 221
120 1235 230
120 1284 233
120 1181 232
120 1136 226
120 1302 230
120 1323 229
120 1343 222
120 1202 233
120 1288 229
120 1193 235
120 1175 233
120 1208 236
120 1170 236
120 1172 243
120 1270 229
120 1156 241
120 1115 233
120 1113 243
120 1288 227
120 1318 225
120 1195 237
120 1181 241
120 1122 240
120 1250 228
120 1171 230
120 1135 226
120 1202 224
120 1268 235
120 1171 236
120 1280 227
120 1186 246
120 1254 227
120 1292 228
120 1184 237
120 1244 233
120 1343 234
120 1165 246
120 1167 234
120 1294 216
120 1137 228
120 1277 218
120 1092 236
120 1120 241
120 1142 228
120 1273 229
130 1361 251
130 1358 258
130 1216 247
130 1333 254
130 1291 239
130 1318 255
130 1322 263
130 1232 259
130 1376 252
130 1411 251
130 1333 244
130 1217 254
130 1349 263
130 1361 245
130 1288 252
130 1316 260
130 1323 256
130 1317 246
130 1478 254
130 1432 250
130 1279 258
130 1451 254
130 1297 257
130 1353 254
130 1358 251
130 1441 245
130 1431 244
130 1419 255
130 1437 250
130 1228 246
130 1392 269
130 1342 263
130 1334 256
130 1285 252
130 1393 247
130 1334 253
130 1334 255
130 1481 246
130 1444 253
130 1443 250
130 1321 254
130 1361 260
130 1496 251
130 1428 241
130 1320 266
130 1222 254
130 1375 247
130 1319 252
130 1345 251
130 1325 251
130 1415 249
130 1345 264
130 1335 256
130 1341 247
130 1289 253
130 1378 248
130 1307 256
130 1338 257
130 1252 261
130 1308 261
130 1354 253
130 1461 258
130 1370 247
130 1478 247
130 1532 247
130 1458 242
130 1329 270
130 1409 251
130 1340 246
130 1356 250
130 1378 244
130 1358 253
130 1336 250
130 1337 263
130 1317 257
130 1444 250
130 1303 260
130 1270 266
130 1211 246
130 1291 259
130 1386 258
130 1409 253
130 1337 241
130 1311 255
130 1368 262
130 1384 257
130 1347 252
130 1335 256
130 1298 246
130 1286 256
130 1346 256
130 1373 257
130 1349 251
130 1285 258
130 1395 254
130 1377 248
130 1257 256
130 1335 252
130 1285 245
130 1387 242
140 1497 280
140 1409 282
140 1523 275
140 1580 258
140 1496 275
140 1394 267
140 1359 278
140 1369 280
140 1418 293
140 1457 276
140 1447 271
140 1528 280
140 1531 275
140 1506 283
140 1476 272
140 1453 269
140 1459 277
140 1530 276
140 1424 274
140 1522 273
140 1383 276
140 1414 288
140 1476 281
140 1801 263
140 1482 280
140 1430 279
140 1447 268
140 1460 269
140 1458 275
140 1436 275
140 1455 275
140 1595 277
140 1446 276
140 1417 285
140 1431 282
140 1400 281
140 1390 274
140 1548 269
140 1583 268
140 1572 278
140 1442 282
140 1476 277
140 1486 276
140 1400 288
140 1469 277
140 1620 264
140 1491 265
140 1427 284
140 1554 271
140 1464 280
140 1346 292
140 1395 276
140 1360 296
140 1571 270
140 1516 265
140 1448 280
140 1347 272
140 1362 288
140 1565 278
140 1510 267
140 1597 282
140 1523 290
140 1550 278
140 1553 271
140 1389 265
140 1571 268
140 1382 282
140 1424 291
140 1387 272
140 1553 278
140 1463 274
140 1477 280
140 1380 283
140 1408 266
140 1357 283
140 1453 275
140 1695 270
140 1512 281
140 1772 258
140 1361 282
140 1467 280
140 1540 277
140 1440 273
140 1431 276
140 1443 275
140 1460 266
140 1337 281
140 1566 270
140 1498 269
140 1400 283
140 1516 273
140 1315 278
140 1494 278
140 1535 273
140 1377 285
140 1482 277
140 1560 270
140 1298 278
140 1485 277
140 1452 269
150 1751 297
150 1590 282
150 1504 294
150 1486 302
150 1570 301
150 1482 292
150 1653 297
150 1553 302
150 1572 299
150 1679 291
150 1590 296
150 1731 284
150 1555 300
150 1578 298
150 1738 293
150 1547 313
150 1517 300
150 1578 296
150 1603 301
150 1785 282
150 1586 312
150 1608 295
150 1463 297
150 1917 283
150 1853 283
150 1561 295
150 1588 288
150 1683 303
150 1745 294
150 1616 314
150 1677 301
150 1635 293
150 1693 307
150 1517 315
150 1546 303
150 1443 309
150 1552 300
150 1671 304
150 1599 302
150 1518 300
150 1768 301
150 1586 299
150 1576 306
150 1608 316
150 1504 308
150 1621 302
150 1534 305
150 1659 299
150 1575 296
150 1437 292
150 1509 307
150 1746 297
150 1494 303
150 1744 294
150 1510 306
150 1742 292
150 1726 292
150 1566 311
150 1468 308
150 1700 296
150 1615 293
150 1542 294
150 1574 294
150 1626 296
150 1655 294
150 1655 304
150 1704 286
150 1537 296
150 1639 306
150 1647 299
150 1669 301
150 1571 304
150 1665 296
150 1559 296
150 1558 301
150 1538 312
150 1613 296
150 1563 308
150 1493 302
150 1543 295
150 1549 303
150 1481 298
150 1572 299
150 1707 284
150 1518 314
150 1560 299
150 1469 303
150 1629 295
150 1604 283
150 1546 298
150 1552 294
150 1597 297
150 1603 306
150 1639 301
150 1424 306
150 1506 312
150 1768 293
150 1548 308
150 1641 292
150 1638 300
160 1671 334
160 1622 325
160 1667 319
160 1697 322
160 1698 331
160 1748 325
160 1773 327
160 1863 325
160 1623 319
160 1727 321
160 1696 321
160 1767 318
160 1650 331
160 1890 312
160 1696 333
160 1875 314
160 1934 326
160 1731 321
160 1883 315
160 1760 316
160 1821 318
160 1748 313
160 1690 336
160 1598 330
160 1684 326
160 1751 332
160 1924 323
160 1666 325
160 1612 319
160 1588 329
160 1675 324
160 1834 322
160 1674 323
160 1682 327
160 1712 330
160 1720 328
160 1819 327
160 1653 331
160 1737 319
160 1637 332
160 1684 323
160 1632 334
160 1864 322
160 1827 326
160 1841 316
160 1869 313
160 1627 313
160 1842 312
160 1797 330
160 1669 333
160 1644 325
160 1889 326
160 1739 324
160 1630 327
160 1677 332
160 1620 332
160 1775 333
160 1731 325
160 1628 326
160 1800 329
160 1763 328
160 1613 322
160 1608 320
160 1668 326
160 1767 320
160 1863 327
160 1650 318
160 1970 313
160 1616 320
160 1602 333
160 1962 315
160 1826 337
160 1697 335
160 1656 325
160 1784 324
160 1586 319
160 1606 328
160 1804 314
160 1756 320
160 1921 323
160 1811 328
160 1757 324
160 1728 327
160 1800 322
160 1664 328
160 1645 329
160 1668 328
160 1678 325
160 1653 332
160 1708 330
160 1672 328
160 1681 327
160 1966 313
160 1680 326
160 1613 324
160 1666 318
160 1767 319
160 1688 328
160 1811 326
160 1698 317
170 1686 361
170 1836 347
170 1758 350
170 1751 351
170 1672 350
170 2085 346
170 1732 338
170 2131 350
170 1762 350
170 1785 352
170 1959 350
170 1958 348
170 1794 355
170 1937 348
170 1910 353
170 1835 342
170 1749 353
170 1862 349
170 1914 346
170 1807 341
170 1956 333
170 1956 345
170 2008 343
170 1704 352
170 1951 348
170 1764 358
170 1745 349
170 2012 332
170 1722 346
170 1832 357
170 1749 370
170 1791 351
170 2023 336
170 1817 360
170 1797 350
170 1830 355
170 1985 340
170 1893 358
170 1920 330
170 1944 355
170 1939 347
170 1804 350
170 1879 345
170 1689 346
170 1761 361
170 2000 340
170 1746 352
170 1722 361
170 1801 371
170 1754 356
170 1880 337
170 1708 352
170 1767 349
170 2028 337
170 1760 341
170 1812 351
170 1796 348
170 1757 335
170 1766 358
170 1829 347
170 1871 346
170 1856 343
170 1763 349
170 1924 349
170 2091 340
170 1694 345
170 1654 347
170 1675 354
170 1882 344
170 1743 351
170 1775 350
170 1918 357
170 1856 338
170 1909 347
170 1732 356
170 1776 352
170 1970 332
170 1953 344
170 1826 353
170 1749 344
170 1752 352
170 1843 351
170 1747 352
170 1757 348
170 2062 342
170 1910 337
170 1946 330
170 1932 334
170 1781 354
170 1857 350
170 1769 353
170 1907 345
170 1831 343
170 1871 343
170 2048 340
170 1771 348
170 1733 353
170 1999 347
170 1863 337
170 1800 347
180 1947 372
180 2063 369
180 2134 373
180 1928 368
180 1932 370
180 2209 354
180 1865 384
180 1865 373
180 1923 381
180 2135 358
180 1892 366
180 1840 390
180 2116 367
180 1995 359
180 1994 377
180 1926 383
180 1894 378
180 1943 386
180 1977 364
180 2006 357
180 1847 380
180 2084 372
180 2286 379
180 1979 360
180 2056 380
180 2057 377
180 2241 367
180 1826 385
180 1931 386
180 1990 376
180 1878 388
180 2111 369
180 2161 381
180 1928 362
180 1901 379
180 2037 374
180 1879 377
180 1982 377
180 1844 378
180 2234 373
180 2076 381
180 1953 370
180 2021 365
180 1967 367
180 1808 372
180 2009 367
180 2025 386
180 1846 368
180 1832 383
180 2152 372
180 2063 370
180 1834 379
180 1921 381
180 1977 377
180 2018 361
180 1987 384
180 1984 358
180 2113 352
180 1909 367
180 2111 371
180 2091 355
180 2180 376
180 1809 385
180 2094 376
180 2048 364
180 2063 374
180 2100 361
180 2074 366
180 2060 380
180 1950 378
180 2170 372
180 1984 367
180 1943 384
180 1929 375
180 1909 375
180 2151 357
180 2056 363
180 2014 378
180 2149 362
180 1993 364
180 1927 379
180 1907 382
180 2109 374
180 1931 375
180 2057 380
180 1854 365
180 1924 390
180 1953 378
180 1958 378
180 1898 375
180 2009 378
180 1976 380
180 1832 380
180 1982 377
180 1900 369
180 1936 380
180 1900 383
180 1929 375
180 1984 367
180 1851 376
190 2163 405
190 2202 397
190 2031 396
190 2145 392
190 2036 403
190 2134 398
190 2414 379
190 2272 389
190 2184 373
190 2110 411
190 2075 402
190 2026 407
190 1950 404
190 2042 390
190 2115 397
190 2106 411
190 2131 396
190 2163 409
190 2073 390
190 2111 399
190 2054 396
190 1941 408
190 2188 397
190 2101 395
190 2152 399
190 2049 399
190 2207 401
190 1979 410
190 2180 395
190 2116 392
190 1993 400
190 2082 392
190 1960 404
190 2592 379
190 1985 391
190 2107 387
190 2294 395
190 2129 407
190 2187 397
190 2259 394
190 1985 393
190 2046 401
190 2144 403
190 2076 385
190 2201 395
190 2072 405
190 2132 397
190 2138 395
190 2030 403
190 2107 386
190 2109 395
190 2070 408
190 2161 369
190 2039 410
190 2198 393
190 2075 392
190 2422 390
190 2003 400
190 2055 399
190 2005 388
190 2129 401
190 2016 398
190 2296 393
190 2120 395
190 2163 384
190 2127 400
190 2122 409
190 1984 414
190 2440 372
190 2116 383
190 2018 401
190 1986 412
190 2247 388
190 2397 387
190 2237 393
190 2324 400
190 2145 402
190 2109 385
190 2097 393
190 2356 392
190 2129 405
190 2166 390
190 2255 385
190 2200 388
190 2040 402
190 2384 376
190 2029 406
190 2356 380
190 2091 400
190 1980 399
190 2061 391
190 2003 404
190 2277 410
190 2198 399
190 2022 392
190 2109 393
190 2277 395
190 2083 398
190 2230 398
190 2143 396
200 2299 416
200 2111 411
200 2377 418
200 2294 410
200 2422 419
200 2273 412
200 2213 415
200 2439 417
200 2209 429
200 2269 420
200 2317 414
200 2341 424
200 2502 410
200 2142 417
200 2352 416
200 2317 401
200 2201 417
200 2319 417
200 2265 422
200 2224 401
200 2218 426
200 2283 413
200 2224 418
200 2672 410
200 2163 430
200 2210 426
200 2748 415
200 2304 419
200 2094 420
200 2135 433
200 2243 418
200 2261 418
200 2386 414
200 2213 432
200 2195 404
200 2379 413
200 2339 421
200 2158 424
200 2287 417
200 2277 416
200 2186 420
200 2324 399
200 2352 422
200 2383 426
200 2261 409
200 2019 431
200 2309 413
200 2385 422
200 2309 411
200 2130 412
200 2224 427
200 2439 409
200 2217 432
200 2428 414
200 2305 413
200 2217 412
200 2573 417
200 2380 436
200 2131 410
200 2119 418
200 2087 425
200 2128 425
200 2270 418
200 2132 428
200 2244 418
200 2203 437
200 2231 416
200 2278 421
200 2136 426
200 2448 423
200 2207 417
200 2191 417
200 2056 431
200 2097 429
200 2184 427
200 2250 424
200 2213 427
200 2123 417
200 2200 415
200 2373 420
200 2186 435
200 2289 419
200 2410 433
200 2185 425
200 2390 432
200 2212 407
200 2014 415
200 2176 440
200 2176 422
200 2218 416
200 2271 418
200 2056 428
200 2363 408
200 2648 396
200 2089 426
200 2193 414
200 2142 431
200 2270 427
200 2428 420
200 2591 413
1000 13468 2678
1000 14055 2658
1000 13681 2655
1000 14259 2647
1000 13980 2624
1000 14343 2621
1000 15218 2591
1000 15109 2650
1000 14354 2651
1000 14520 2619
1000 15939 2594
1000 14115 2668
1000 14297 2632
1000 14183 2632
1000 14398 2604
1000 14704 2629
1000 15641 2612
1000 14329 2647
1000 14635 2604
1000 15732 2578
1000 14419 2647
1000 14922 2609
1000 14591 2641
1000 14897 2600
1000 14904 2649
1000 14391 2666
1000 15134 2632
1000 15353 2609
1000 13158 2642
1000 15400 2582
1000 13744 2650
1000 14397 2629
1000 14623 2645
1000 14046 2616
1000 15235 2621
1000 15028 2630
1000 14804 2582
1000 14740 2642
1000 14528 2595
1000 13710 2644
1000 14201 2640
1000 14759 2598
1000 14078 2664
1000 14273 2625
1000 15094 2632
1000 14222 2624
1000 14220 2652
1000 14882 2619
1000 14098 2642
1000 14665 2658
1000 14014 2652
1000 13240 2694
1000 14866 2644
1000 14051 2677
1000 13615 2648
1000 14583 2642
1000 15409 2633
1000 15405 2579
1000 14253 2656
1000 14147 2633
1000 14148 2649
1000 14152 2632
1000 14101 2650
1000 13543 2669
1000 15327 2554
1000 13583 2709
1000 14136 2647
1000 15220 2598
1000 13937 2685
1000 14336 2613
1000 14193 2633
1000 13605 2662
1000 14583 2607
1000 14027 2657
1000 14012 2618
1000 14004 2672
1000 14827 2665
1000 13771 2676
1000 14071 2642
1000 14213 2666
1000 14528 2649
1000 14709 2633
1000 13970 2628
1000 14910 2658
1000 13859 2652
1000 13782 2675
1000 13949 2660
1000 14068 2634
1000 14055 2651
1000 14121 2658
1000 14402 2668
1000 13952 2675
1000 15177 2681
1000 14001 2706
1000 14850 2605
1000 15823 2588
1000 14800 2598
1000 14669 2656
1000 14007 2677
1000 14288 2645
2000 30503 5709
2000 31142 5852
2000 30141 5767
2000 32484 5704
2000 32872 5745
2000 33176 5720
2000 33747 5660
2000 31666 5714
2000 32943 5723
2000 31497 5763
2000 29947 5826
2000 32162 5700
2000 33406 5684
2000 32541 5769
2000 30656 5824
2000 33450 5632
2000 31225 5822
2000 29507 5777
2000 31079 5790
2000 32284 5689
2000 30048 5750
2000 30350 5788
2000 31852 5693
2000 34084 5653
2000 30898 5741
2000 32953 5651
2000 29598 5827
2000 31127 5787
2000 32169 5690
2000 30577 5811
2000 31569 5835
2000 31083 5747
2000 30634 5752
2000 34047 5661
2000 31716 5763
2000 29743 5866
2000 32019 5735
2000 32034 5775
2000 31454 5733
2000 32204 5715
2000 31061 5778
2000 30772 5775
2000 32858 5699
2000 32521 5727
2000 30997 5768
2000 32563 5676
2000 30998 5723
2000 30727 5751
2000 31531 5786
2000 33399 5728
2000 31229 5754
2000 31701 5759
2000 33445 5713
2000 30443 5795
2000 33135 5711
2000 30370 5797
2000 31665 5826
2000 32240 5684
2000 31144 5764
2000 31562 5757
2000 33320 5738
2000 30205 5782
2000 30978 5759
2000 32080 5700
2000 31860 5732
2000 31543 5735
2000 30181 5764
2000 30739 5725
2000 32214 5723
2000 30405 5804
2000 31072 5766
2000 30883 5729
2000 30333 5767
2000 33095 5655
2000 32214 5781
2000 32777 5655
2000 31032 5757
2000 30811 5811
2000 31181 5797
2000 35854 5653
2000 32183 5690
2000 33873 5636
2000 33200 5664
2000 30757 5791
2000 31212 5756
2000 30740 5729
2000 36383 5611
2000 30804 5784
2000 31982 5662
2000 30356 5799
2000 31698 5766
2000 34597 5643
2000 29940 5864
2000 31301 5811
2000 31475 5732
2000 29703 5861
2000 31510 5787
2000 31236 5762
2000 31038 5749
2000 32164 5732
3000 49328 9005
3000 49304 8947
3000 49694 8969
3000 49488 9022
3000 50813 8984
3000 52810 8834
3000 48924 9006
3000 48300 9046
3000 49048 9089
3000 53090 8941
3000 48546 9098
3000 48651 8990
3000 47276 9073
3000 46740 9088
3000 51174 8951
3000 49258 8987
3000 48213 9008
3000 52525 9145
3000 47691 9047
3000 48350 9053
3000 49080 9058
3000 48915 9029
3000 51403 8995
3000 53522 8930
3000 53375 8774
3000 48303 9054
3000 48636 9028
3000 47828 9071
3000 47955 9069
3000 50099 8963
3000 46454 9206
3000 51913 8970
3000 49462 9025
3000 49848 8944
3000 50669 9011
3000 50774 8963
3000 49527 8984
3000 46771 9030
3000 50584 8981
3000 50274 9077
3000 50284 8987
3000 52720 9016
3000 54832 8888
3000 50714 8957
3000 48318 9032
3000 47065 9071
3000 50693 9002
3000 50878 8920
3000 49631 9019
3000 48160 9094
3000 49259 9057
3000 48360 9077
3000 49074 9106
3000 49677 8990
3000 50016 9027
3000 52763 8929
3000 50457 8964
3000 48177 9044
3000 50274 9009
3000 52799 8918
3000 49115 9135
3000 49833 9055
3000 51011 8985
3000 50645 8940
3000 49183 8921
3000 49754 8957
3000 47385 9064
3000 52562 8923
3000 50147 9110
3000 49547 9007
3000 49652 8989
3000 47802 9043
3000 51258 8917
3000 49515 9002
3000 49150 9011
3000 47280 9025
3000 50464 8969
3000 48816 9069
3000 53587 8921
3000 49073 9044
3000 50682 8967
3000 52828 8933
3000 48197 9074
3000 49211 8993
3000 48718 8977
3000 48389 9031
3000 52519 8854
3000 48411 9092
3000 52132 8945
3000 51870 8978
3000 50151 8988
3000 49905 9035
3000 49612 8950
3000 48153 9156
3000 50023 8945
3000 49436 8982
3000 50521 9037
3000 49079 9049
3000 50233 8918
3000 50322 8941
4000 70684 12346
4000 65728 12551
4000 67976 12439
4000 69710 12347
4000 68441 12470
4000 68085 12530
4000 68738 12397
4000 70207 12484
4000 70119 12442
4000 70059 12381
4000 69671 12453
4000 70931 12349
4000 68911 12369
4000 72302 12325
4000 72615 12291
4000 72246 12253
4000 66621 12413
4000 71427 12286
4000 67938 12496
4000 66590 12433
4000 65802 12602
4000 70791 12331
4000 69747 12363
4000 79608 12189
4000 68345 12343
4000 72112 12391
4000 69887 12399
4000 64801 12580
4000 71232 12317
4000 65624 12402
4000 67413 12486
4000 71296 12422
4000 65965 12538
4000 69372 12483
4000 68338 12411
4000 66441 12522
4000 74394 12137
4000 66423 12423
4000 67727 12382
4000 68271 12348
4000 69385 12394
4000 67100 12472
4000 71239 12265
4000 69549 12417
4000 68311 12385
4000 67534 12371
4000 66981 12345
4000 72124 12310
4000 67078 12362
4000 68542 12358
4000 68601 12353
4000 71425 12353
4000 72428 12289
4000 69086 12253
4000 67098 12507
4000 68801 12388
4000 70574 12341
4000 64400 12505
4000 66461 12462
4000 73672 12210
4000 70092 12348
4000 66888 12530
4000 69225 12413
4000 74066 12149
4000 69450 12505
4000 65832 12453
4000 65867 12547
4000 69518 12517
4000 65774 12594
4000 68693 12496
4000 74671 12150
4000 74930 12197
4000 70121 12366
4000 70256 12473
4000 70533 12276
4000 64803 12432
4000 68160 12343
4000 68175 12389
4000 65223 12575
4000 68877 12453
4000 67887 12505
4000 70636 12333
4000 65808 12421
4000 67003 12450
4000 71237 12214
4000 67174 12473
4000 66053 12456
4000 71862 12261
4000 69037 12382
4000 67646 12474
4000 66910 12536
4000 68912 12351
4000 67099 12407
4000 67987 12463
4000 77072 12264
4000 63325 12611
4000 73113 12127
4000 70709 12371
4000 73324 12162
4000 70015 12346
5000 87493 15911
5000 89453 15722
5000 90980 15780
5000 96684 15718
5000 87097 15871
5000 91235 15691
5000 92749 15670
5000 95722 15754
5000 87515 15931
5000 88479 15703
5000 84587 16116
5000 83451 15961
5000 86823 15909
5000 89939 15760
5000 86545 15778
5000 88013 15918
5000 85372 15938
5000 86685 15835
5000 95060 15882
5000 87263 15790
5000 86519 15917
5000 89228 15924
5000 87447 15987
5000 84461 15991
5000 85470 15893
5000 85760 16017
5000 86439 16049
5000 84898 16024
5000 86777 15975
5000 88661 15754
5000 86603 15928
5000 90281 15799
5000 84242 16073
5000 89193 15727
5000 89127 15883
5000 91468 15780
5000 85230 15983
5000 87778 15826
5000 93316 15668
5000 85686 15975
5000 88521 15781
5000 84293 15986
5000 89546 15810
5000 84584 15941
5000 87874 15835
5000 85204 15982
5000 84196 15994
5000 92763 15748
5000 88411 15965
5000 85979 16060
5000 101481 15368
5000 86115 15987
5000 83412 16131
5000 91715 15855
5000 88219 15795
5000 86722 16007
5000 90296 15700
5000 85325 16009
5000 84334 16081
5000 84288 16045
5000 88105 15886
5000 86563 15854
5000 88550 15829
5000 87444 15873
5000 93369 15738
5000 87820 15740
5000 88371 15932
5000 86388 16175
5000 88099 15882
5000 87590 15999
5000 86784 15825
5000 86160 16133
5000 86984 15965
5000 89655 15833
5000 86492 15882
5000 91476 15840
5000 85773 15975
5000 87861 15898
5000 88182 15811
5000 86907 15917
5000 85979 16045
5000 86800 15904
5000 96599 15615
5000 88100 15804
5000 93815 15633
5000 86809 15940
5000 85785 15916
5000 88265 15861
5000 87777 15854
5000 88745 15827
5000 89021 16008
5000 88539 15856
5000 94089 15714
5000 90712 15723
5000 83569 16051
5000 87566 15964
5000 87781 15979
5000 87424 16008
5000 87253 15908
5000 86164 15820
6000 111760 19342
6000 113346 19085
6000 117718 18991
6000 109792 19588
6000 106768 19473
6000 106448 19499
6000 107647 19394
6000 103847 19580
6000 108540 19421
6000 106920 19454
6000 112966 19361
6000 103259 19573
6000 104723 19624
6000 106640 19401
6000 104952 19551
6000 105919 19408
6000 110968 19275
6000 103634 19567
6000 106455 19416
6000 106322 19421
6000 105783 19596
6000 114060 19153
6000 108501 19444
6000 106492 19492
6000 107274 19386
6000 109101 19419
6000 106644 19430
6000 105640 19434
6000 107340 19528
6000 108153 19565
6000 108703 19526
6000 110078 19225
6000 107263 19439
6000 108688 19439
6000 108171 19543
6000 114417 19218
6000 99434 19806
6000 104030 19532
6000 112202 19242
6000 107121 19519
6000 105131 19529
6000 113464 19276
6000 107198 19386
6000 104789 19590
6000 109291 19429
6000 108288 19462
6000 109155 19348
6000 110651 19289
6000 105282 19440
6000 107459 19391
6000 106819 19474
6000 105252 19536
6000 102813 19684
6000 105107 19420
6000 103768 19426
6000 108811 19409
6000 113599 19144
6000 107670 19333
6000 105157 19498
6000 106864 19421
6000 104266 19535
6000 106641 19406
6000 102798 19538
6000 115362 19156
6000 107307 19454
6000 108839 19361
6000 115512 19314
6000 102963 19573
6000 107216 19634
6000 108992 19485
6000 109148 19296
6000 104333 19547
6000 106690 19292
6000 108519 19307
6000 104848 19606
6000 109825 19336
6000 108174 19413
6000 103154 19521
6000 104680 19642
6000 107691 19305
6000 109875 19233
6000 107916 19400
6000 110623 19399
6000 113413 19127
6000 102559 19734
6000 108260 19449
6000 109277 19437
6000 105821 19483
6000 109939 19355
6000 109698 19305
6000 104502 19555
6000 107313 19422
6000 105237 19549
6000 117112 19135
6000 108331 19745
6000 105876 19627
6000 104578 19412
6000 113721 19067
6000 105182 19462
6000 111686 19168
7000 130072 22974
7000 126915 23100
7000 128248 23021
7000 140204 22658
7000 125282 23067
7000 120503 23291
7000 123348 23072
7000 125310 23012
7000 134715 22943
7000 126577 22930
7000 123213 23200
7000 124342 23112
7000 125208 23172
7000 128439 22899
7000 134896 22848
7000 128436 22952
7000 127335 23046
7000 127246 22865
7000 128126 22934
7000 125417 23159
7000 129312 22939
7000 130415 23022
7000 127117 22960
7000 144472 22500
7000 121281 23195
7000 128012 23036
7000 124032 23219
7000 122602 23265
7000 120429 23332
7000 135687 22673
7000 127586 22963
7000 124806 23065
7000 131699 22954
7000 123517 23248
7000 132319 22908
7000 129899 22869
7000 124528 23044
7000 130065 23121
7000 132083 22802
7000 137446 22959
7000 131084 22847
7000 136346 22686
7000 122553 23235
7000 126679 23128
7000 128651 23057
7000 129059 22842
7000 130732 22962
7000 129621 22863
7000 125437 23182
7000 144210 22460
7000 129579 22883
7000 124208 23145
7000 127758 22779
7000 132532 22692
7000 130749 23013
7000 124590 23114
7000 123129 23106
7000 131419 23145
7000 124342 23091
7000 130453 23003
7000 126488 22939
7000 126441 23144
7000 129505 22832
7000 135379 22871
7000 132773 22908
7000 139509 22608
7000 129838 22901
7000 124837 23078
7000 137400 22780
7000 133223 22976
7000 129921 22962
7000 126155 23210
7000 123079 23047
7000 123225 23129
7000 127187 23094
7000 129956 22903
7000 127004 22978
7000 135051 22966
7000 126497 23045
7000 129535 22911
7000 127352 23044
7000 128020 23120
7000 127644 23037
7000 128851 23049
7000 121656 23352
7000 127184 22908
7000 135157 22767
7000 122265 23278
7000 129813 23113
7000 124210 23139
7000 128728 23053
7000 133004 22774
7000 126867 22993
7000 126644 22969
7000 125928 22987
7000 121920 23291
7000 135002 22708
7000 133105 22826
7000 136078 22697
7000 127364 22931
8000 145731 26697
8000 147698 26543
8000 150282 26606
8000 150819 26636
8000 144100 26788
8000 151857 26548
8000 157277 26240
8000 150110 26715
8000 143845 26882
8000 151859 26495
8000 145248 26903
8000 142012 26784
8000 155121 26460
8000 144383 26786
8000 154298 26327
8000 142978 26870
8000 143676 26840
8000 149680 26602
8000 150374 26574
8000 143057 26881
8000 150234 26561
8000 147299 26606
8000 151700 26670
8000 152557 26644
8000 148479 26683
8000 145478 26755
8000 149959 26901
8000 145354 26690
8000 148885 26656
8000 144191 26762
8000 151173 26519
8000 152446 26457
8000 140346 26947
8000 154779 26439
8000 144861 26801
8000 144361 26717
8000 150942 26530
8000 146869 26834
8000 140911 27073
8000 136305 27150
8000 155264 26384
8000 149134 26664
8000 140393 27036
8000 149182 26624
8000 145792 26681
8000 149666 26553
8000 147677 26686
8000 152621 26388
8000 142352 26800
8000 149509 26525
8000 144048 26750
8000 155793 26332
8000 148235 26680
8000 147571 26848
8000 153764 26560
8000 157221 26297
8000 151851 26474
8000 145816 26620
8000 145279 26949
8000 147971 26680
8000 147424 26674
8000 146240 26773
8000 149733 26827
8000 152128 26588
8000 143526 26737
8000 150204 26435
8000 147834 26850
8000 145407 26767
8000 142877 26883
8000 143799 26750
8000 145567 26725
8000 153653 26475
8000 147739 26718
8000 142143 26753
8000 144653 26834
8000 147836 26431
8000 151721 26504
8000 141081 26955
8000 155051 26582
8000 146537 26746
8000 146882 26729
8000 150512 26632
8000 144998 26637
8000 147269 26706
8000 142368 26838
8000 159291 26418
8000 153341 26577
8000 146606 26641
8000 145074 26673
8000 150313 26555
8000 156851 26384
8000 170133 26075
8000 140961 26995
8000 151805 26395
8000 162076 25994
8000 154862 26464
8000 145624 26783
8000 145674 26739
8000 165970 26219
8000 149842 26526
9000 182560 29842
9000 169959 30261
9000 165499 30501
9000 167518 30343
9000 163927 30418
9000 167683 30206
9000 165749 30475
9000 174903 30168
9000 163501 30644
9000 166722 30321
9000 166730 30318
9000 166229 30461
9000 172775 30148
9000 167935 30417
9000 168023 30337
9000 170423 30206
9000 159617 30708
9000 174382 29999
9000 161127 30651
9000 168923 30271
9000 175680 30190
9000 167311 30171
9000 167504 30454
9000 167853 30501
9000 171572 30138
9000 161980 30658
9000 170251 30086
9000 173283 30247
9000 167108 30461
9000 170582 30413
9000 169603 30423
9000 164660 30568
9000 173699 30065
9000 172471 30165
9000 165927 30509
9000 161158 30680
9000 177055 30095
9000 169771 30085
9000 165680 30499
9000 182723 29852
9000 171027 30092
9000 171745 30241
9000 168151 30414
9000 172910 30357
9000 173098 30128
9000 167821 30427
9000 166535 30572
9000 168906 30479
9000 172045 30326
9000 166203 30578
9000 171986 30212
9000 175056 30176
9000 159237 30817
9000 171369 30391
9000 163277 30679
9000 167760 30459
9000 161997 30760
9000 169853 30237
9000 167382 30345
9000 167596 30553
9000 167618 30611
9000 172358 30334
9000 178529 30098
9000 167950 30167
9000 180766 30369
9000 164099 30714
9000 168173 30392
9000 170675 30553
9000 162475 30571
9000 172398 30274
9000 174383 29806
9000 163911 30750
9000 175461 29997
9000 161218 30577
9000 164624 30517
9000 177611 29999
9000 165929 30590
9000 170186 30463
9000 174952 30442
9000 183465 29774
9000 172789 30433
9000 169491 30311
9000 164071 30483
9000 172951 30187
9000 180815 29658
9000 172863 30237
9000 170256 30300
9000 163774 30559
9000 171605 30127
9000 168389 30436
9000 167450 30264
9000 166755 30268
9000 193213 29528
9000 187373 30146
9000 173397 30522
9000 174258 30168
9000 177131 30014
9000 168176 30357
9000 163915 30259
9000 161664 30471
10000 192190 33704
10000 196286 33828
10000 190181 33981
10000 189035 34027
10000 196933 33717
10000 189290 33873
10000 189259 34147
10000 189635 34141
10000 199638 33825
10000 188855 33910
10000 185599 34115
10000 190202 33962
10000 197375 33831
10000 189552 34007
10000 185203 34138
10000 184412 34355
10000 195872 33836
10000 196338 34039
10000 185621 34203
10000 179800 34331
10000 185807 34217
10000 190820 34206
10000 189930 33975
10000 189694 34158
10000 191237 33908
10000 198977 33560
10000 186102 34158
10000 184400 34288
10000 189582 33920
10000 187189 34088
10000 211068 33512
10000 197624 33751
10000 194554 33953
10000 191195 34183
10000 188018 34571
10000 189697 34250
10000 195256 33699
10000 188646 34018
10000 185236 34225
10000 188300 34304
10000 188120 34362
10000 184687 34057
10000 191231 33895
10000 189162 33967
10000 194722 34097
10000 191019 34159
10000 192961 33934
10000 187759 34109
10000 182087 34291
10000 191104 34278
10000 192562 33813
10000 185414 34302
10000 189246 34189
10000 180731 34464
10000 188405 34026
10000 187662 33984
10000 193896 33727
10000 192086 33998
10000 183596 34151
10000 199668 33888
10000 196712 33601
10000 184513 34319
10000 185719 34223
10000 180419 34296
10000 196288 33912
10000 195089 33691
10000 180417 34450
10000 192449 33790
10000 196046 33872
10000 188608 33922
10000 184181 34183
10000 198975 33905
10000 189145 34004
10000 196831 33936
10000 189906 34049
10000 203682 33781
10000 191380 33779
10000 187073 34232
10000 187305 34147
10000 190569 33920
10000 185699 34101
10000 190730 34118
10000 185725 34168
10000 189199 34024
10000 188515 34109
10000 190305 34165
10000 195486 33784
10000 180509 34563
10000 189106 34194
10000 202438 33559
10000 194229 34349
10000 184996 34105
10000 180768 34406
10000 186883 34227
10000 183947 34335
10000 183625 34376
10000 187342 34180
10000 185128 34189
10000 185730 34221
10000 206202 33669
11000 210168 37710
11000 207804 37858
11000 209217 37929
11000 208326 37851
11000 217735 37534
11000 205480 37875
11000 212365 37569
11000 215837 37543
11000 209487 38036
11000 210182 37757
11000 230589 37120
11000 214995 37530
11000 226437 37488
11000 220564 37678
11000 226194 37540
11000 203726 38052
11000 233544 36653
11000 208072 37865
11000 210390 37774
11000 209864 37548
11000 209420 37819
11000 215310 37381
11000 220900 37339
11000 213275 37754
11000 214525 37731
11000 220661 37791
11000 212408 37873
11000 208773 37739
11000 213619 37723
11000 220248 37208
11000 223329 37284
11000 205743 37863
11000 202794 38107
11000 217503 37725
11000 204412 38039
11000 207267 37691
11000 204124 38110
11000 208769 37985
11000 211465 37944
11000 207540 37797
11000 220054 37726
11000 213053 37613
11000 203318 37983
11000 219322 37802
11000 218358 37660
11000 211925 37655
11000 204561 38171
11000 227541 37931
11000 213843 37812
11000 209634 37588
11000 208645 37830
11000 209812 37827
11000 209491 37870
11000 207535 37837
11000 206744 37865
11000 204249 37961
11000 205702 38313
11000 213418 37427
11000 213843 37799
11000 211766 37758
11000 213382 37928
11000 209820 37993
11000 198525 38425
11000 205680 38096
11000 202419 38171
11000 234953 37362
11000 198434 38409
11000 227017 37053
11000 219251 37512
11000 222336 37461
11000 217164 37579
11000 198741 38349
11000 207856 37743
11000 207077 37903
11000 208520 38029
11000 208636 37836
11000 203082 38124
11000 216843 37517
11000 203974 38022
11000 211432 37689
11000 211974 37891
11000 204402 38205
11000 214375 37791
11000 215485 37479
11000 205537 38082
11000 209745 37802
11000 211169 37720
11000 208940 37833
11000 200487 38396
11000 211493 37586
11000 214949 37374
11000 207903 37958
11000 204192 37932
11000 213376 37883
11000 208893 38024
11000 215956 37822
11000 215461 37844
11000 214725 37743
11000 219510 37575
11000 208280 37768
12000 242426 41346
12000 249924 41152
12000 240190 41114
12000 247778 40818
12000 223135 42163
12000 233376 41288
12000 245710 40989
12000 225955 42018
12000 223155 42023
12000 241786 41607
12000 227285 42003
12000 220656 42109
12000 223260 42050
12000 228181 41919
12000 238662 41314
12000 221030 41998
12000 229207 41569
12000 231143 41679
12000 237707 41546
12000 239596 41524
12000 228149 41832
12000 226404 41763
12000 230916 41809
12000 237875 41243
12000 226819 42008
12000 237876 41408
12000 235129 41699
12000 233410 41480
12000 232813 41545
12000 237564 41569
12000 233361 41572
12000 244953 41283
12000 231079 41682
12000 230170 41439
12000 230288 41538
12000 233612 41308
12000 228922 41788
12000 230751 41645
12000 218859 42155
12000 233109 41537
12000 234811 41579
12000 234184 41526
12000 234154 41476
12000 229921 41529
12000 230198 41616
12000 225270 41859
12000 223839 41959
12000 235894 41373
12000 232737 41861
12000 224256 41981
12000 237598 41537
12000 231956 41650
12000 223171 41753
12000 221698 41942
12000 230351 41982
12000 228125 41718
12000 241175 41595
12000 232482 41443
12000 229313 41643
12000 231516 41422
12000 240526 41479
12000 224632 41892
12000 228512 41662
12000 240281 41275
12000 225593 41843
12000 226862 41984
12000 229018 41590
12000 242557 41225
12000 224843 41952
12000 244999 41004
12000 234702 41561
12000 231624 41505
12000 236089 41529
12000 222449 41892
12000 240582 41502
12000 228571 41669
12000 247179 40891
12000 240931 41433
12000 230908 41848
12000 231538 41438
12000 244618 41227
12000 239968 41529
12000 232925 41670
12000 227831 41628
12000 225613 41784
12000 222054 42078
12000 229311 41880
12000 239888 41446
12000 231367 41777
12000 224463 42080
12000 235783 41821
12000 249077 40707
12000 218006 42240
12000 226323 41698
12000 251193 41450
12000 230397 41653
12000 237555 41233
12000 229959 41893
12000 244308 40934
12000 230921 41669
13000 253202 45226
13000 256103 45556
13000 259990 45116
13000 248869 46116
13000 258486 45108
13000 250233 45614
13000 240933 45883
13000 245822 45663
13000 250021 45422
13000 251284 45691
13000 263134 45201
13000 251227 45358
13000 255470 45578
13000 247709 45690
13000 247101 45745
13000 268220 44919
13000 243634 45920
13000 251001 45305
13000 252149 45204
13000 245885 45889
13000 252314 45498
13000 243959 45912
13000 250368 45538
13000 262064 45126
13000 250216 45489
13000 246648 45533
13000 255438 45484
13000 253131 45531
13000 247354 45505
13000 243326 46113
13000 248882 45768
13000 253608 45482
13000 248822 45639
13000 247807 45682
13000 262364 45112
13000 251058 45580
13000 247595 45688
13000 250886 45495
13000 251905 45455
13000 244359 45789
13000 255949 45439
13000 248080 45564
13000 248427 45607
13000 254726 45273
13000 237781 46067
13000 256964 45303
13000 244958 45785
13000 250682 45660
13000 260143 45103
13000 246934 45691
13000 247401 45809
13000 257315 45121
13000 255429 45152
13000 246876 45840
13000 250134 45833
13000 242726 46262
13000 253722 45307
13000 255996 45154
13000 255500 45139
13000 250614 45470
13000 247919 45772
13000 261512 45090
13000 250774 45321
13000 259567 44749
13000 266322 45251
13000 252224 45439
13000 247582 45581
13000 253135 45375
13000 252368 45585
13000 273620 44976
13000 250424 45740
13000 251326 45742
13000 246286 45693
13000 267089 45158
13000 258210 45343
13000 250574 45694
13000 257757 45295
13000 258877 45224
13000 251103 45451
13000 248929 45501
13000 250084 45378
13000 267214 44813
13000 261465 45043
13000 248642 45615
13000 262845 44932
13000 255460 45477
13000 248011 45686
13000 254404 45487
13000 257627 45169
13000 254390 45570
13000 251850 45671
13000 251033 45659
13000 279610 45010
13000 248377 45747
13000 255778 45451
13000 254226 45211
13000 270425 44813
13000 246979 45857
13000 266045 45345
13000 258526 45320
14000 279547 49070
14000 269062 49825
14000 276902 49498
14000 265002 49623
14000 282888 48831
14000 271350 49143
14000 268404 49582
14000 285113 48641
14000 283922 48976
14000 271891 49378
14000 280881 49291
14000 282233 48846
14000 277318 49263
14000 274368 49173
14000 277632 49194
14000 282384 49599
14000 292108 48944
14000 274704 49279
14000 279620 48934
14000 263746 49904
14000 260998 49977
14000 270196 49543
14000 298376 48803
14000 270155 49377
14000 283927 48933
14000 270819 49413
14000 267814 49665
14000 281049 49010
14000 272890 49480
14000 268562 49318
14000 275996 49203
14000 280388 49335
14000 277955 49243
14000 278908 49447
14000 287063 48708
14000 273149 49423
14000 286685 49346
14000 264742 49602
14000 272305 49328
14000 268299 49304
14000 268113 49796
14000 264967 49743
14000 267784 49534
14000 279075 48961
14000 276348 49412
14000 269000 49631
14000 271939 49202
14000 270601 49317
14000 271644 49368
14000 273745 49165
14000 265657 49690
14000 271177 49509
14000 307064 49116
14000 269591 49565
14000 283084 48873
14000 263705 49680
14000 280655 49060
14000 269150 49397
14000 279768 48809
14000 278932 48899
14000 277018 49058
14000 295291 48571
14000 281823 49233
14000 272050 49370
14000 280020 49145
14000 271037 49440
14000 265535 49542
14000 282177 49400
14000 269778 49808
14000 269154 49553
14000 267353 49542
14000 280348 49239
14000 276903 49206
14000 287235 49101
14000 262912 49779
14000 277296 49266
14000 262806 49664
14000 272704 49226
14000 270678 49523
14000 271682 49358
14000 265972 49576
14000 281873 48904
14000 269262 49694
14000 277412 49112
14000 283931 48905
14000 288493 48860
14000 279501 49067
14000 271950 49272
14000 281794 48911
14000 264150 49946
14000 282987 49332
14000 274688 49137
14000 287539 49212
14000 267807 49714
14000 287791 48778
14000 268795 49431
14000 274983 49019
14000 290592 48628
14000 284646 49063
14000 282369 49177
15000 300747 52642
15000 286316 53614
15000 295633 53208
15000 305729 52793
15000 284246 53600
15000 282745 53741
15000 303941 52765
15000 307354 52844
15000 287437 53247
15000 299225 53036
15000 301740 53206
15000 290300 53170
15000 288243 53379
15000 298406 53133
15000 298212 52974
15000 302999 53204
15000 298818 52790
15000 298724 53391
15000 282865 53919
15000 301987 53113
15000 327708 52995
15000 300408 53092
15000 301107 52792
15000 295952 53335
15000 310274 52582
15000 305480 52750
15000 311614 52477
15000 300492 52723
15000 304418 52816
15000 290575 53248
15000 287316 53235
15000 301749 53242
15000 301930 52883
15000 302200 53343
15000 308568 52807
15000 311252 52538
15000 299546 53192
15000 311140 52950
15000 306454 52410
15000 294501 53125
15000 285658 53423
15000 289826 53374
15000 320511 52096
15000 291851 53113
15000 317062 52358
15000 305473 53158
15000 304546 52962
15000 291696 53303
15000 299313 52968
15000 282301 53776
15000 331535 52082
15000 301594 53153
15000 322302 52154
15000 296021 53135
15000 295743 53349
15000 298883 53105
15000 299926 53339
15000 289714 53618
15000 321944 51812
15000 302880 52979
15000 304742 52890
15000 300119 53290
15000 294991 53432
15000 293516 53057
15000 297575 53018
15000 286334 53404
15000 295831 53423
15000 286762 53394
15000 287110 53335
15000 295744 53483
15000 298501 52856
15000 319715 52406
15000 293886 53094
15000 301427 52688
15000 289283 53182
15000 287598 53599
15000 301159 52516
15000 287625 53500
15000 303202 52976
15000 290037 53392
15000 292034 53146
15000 300921 53214
15000 307908 53038
15000 288900 53472
15000 286673 53494
15000 297865 53168
15000 296478 52956
15000 294437 53187
15000 280902 53717
15000 306649 52908
15000 346394 51630
15000 320009 52878
15000 302911 52803
15000 285769 53524
15000 311292 52849
15000 292687 53470
15000 295475 53204
15000 294198 53412
15000 293946 53113
15000 297378 53088
16000 317698 57029
16000 328441 56851
16000 335431 56093
16000 303938 57518
16000 323911 56848
16000 331852 56303
16000 310579 57285
16000 327178 56395
16000 318256 57508
16000 329571 57363
16000 311218 57183
16000 325865 57100
16000 317187 56958
16000 312782 56947
16000 314288 57118
16000 322159 57175
16000 329406 56236
16000 316157 57138
16000 312121 57127
16000 322305 57042
16000 321763 57096
16000 309599 57323
16000 330126 56792
16000 304985 57677
16000 338140 56175
16000 323796 56714
16000 321499 56952
16000 312723 57336
16000 312511 57250
16000 314121 57410
16000 307578 57574
16000 317009 57102
16000 338320 56624
16000 308578 57527
16000 316806 56965
16000 318010 56834
16000 313937 57367
16000 315284 57197
16000 304834 57469
16000 324025 56959
16000 316478 57264
16000 314217 56956
16000 318262 56732
16000 321207 57030
16000 314173 57060
16000 334686 56518
16000 327118 56538
16000 310892 57279
16000 334787 56550
16000 348249 55849
16000 314469 57153
16000 316613 57168
16000 317049 57163
16000 332785 56694
16000 325465 56616
16000 320100 57192
16000 319175 56815
16000 331833 57044
16000 310908 57113
16000 321359 57078
16000 306567 57623
16000 320711 57153
16000 329413 56953
16000 312652 57186
16000 315367 57031
16000 311998 57093
16000 308938 57281
16000 334206 56850
16000 305057 57897
16000 311249 57151
16000 307481 57409
16000 309488 57605
16000 344155 56714
16000 316018 57091
16000 320631 56824
16000 321074 57269
16000 320386 57030
16000 313670 57325
16000 317196 56977
16000 306013 57504
16000 319837 57080
16000 312959 56793
16000 305616 57617
16000 324755 56883
16000 308775 57202
16000 323407 57319
16000 302638 57445
16000 332035 56808
16000 309796 57177
16000 313967 57007
16000 305251 57792
16000 312493 57163
16000 327009 56887
16000 331786 56648
16000 332527 57340
16000 316854 57176
16000 309843 57451
16000 310795 57396
16000 304920 57507
16000 332374 56560
17000 346685 60686
17000 335521 60889
17000 354942 60307
17000 341007 61029
17000 349431 60807
17000 342153 61239
17000 330084 61233
17000 337313 60915
17000 342560 60767
17000 352160 60869
17000 329256 61405
17000 341182 61088
17000 337102 60855
17000 336736 61029
17000 336239 60930
17000 352143 61193
17000 347140 60945
17000 357553 59952
17000 340218 61040
17000 352093 60787
17000 330093 61415
17000 367638 60185
17000 332835 61378
17000 338204 61016
17000 353983 60476
17000 350042 60585
17000 324861 61343
17000 324933 61615
17000 351830 60988
17000 339596 61038
17000 333383 61412
17000 330535 61319
17000 322564 61891
17000 326989 61433
17000 342760 60959
17000 342411 60658
17000 323223 61563
17000 321231 61676
17000 335386 61208
17000 343697 60247
17000 332262 61626
17000 353003 60445
17000 329764 61560
17000 356929 60380
17000 359855 60554
17000 335650 61318
17000 353133 60558
17000 328706 61430
17000 327318 61395
17000 347853 60304
17000 328156 61520
17000 330926 61088
17000 339053 60846
17000 333570 61288
17000 338709 61092
17000 338788 60711
17000 349632 60548
17000 347155 60772
17000 345006 60993
17000 348048 60418
17000 325863 61615
17000 356399 60494
17000 355267 60756
17000 344632 60764
17000 339201 61092
17000 347865 61118
17000 332130 61139
17000 334492 61392
17000 341396 60773
17000 371314 59949
17000 345773 61221
17000 341846 60954
17000 347351 60802
17000 336051 61078
17000 335534 60991
17000 336292 60781
17000 341695 60892
17000 337333 61066
17000 352838 60519
17000 322913 61694
17000 336662 60848
17000 351811 60474
17000 344180 60654
17000 375248 60018
17000 341927 60583
17000 325860 61322
17000 338398 61052
17000 341215 61036
17000 331357 61157
17000 337493 61042
17000 345381 60814
17000 339842 60548
17000 332914 61097
17000 331446 61276
17000 343420 60994
17000 333920 61402
17000 348596 60927
17000 342453 60972
17000 338931 61191
17000 356426 61055
18000 390894 64091
18000 368959 65027
18000 347233 65270
18000 366103 64467
18000 357097 64840
18000 354959 65433
18000 354167 65271
18000 360518 64855
18000 372175 64409
18000 356082 64792
18000 357592 64915
18000 358704 64736
18000 354784 65115
18000 353540 65363
18000 355134 65129
18000 364586 64814
18000 357030 64984
18000 399724 63549
18000 361100 64904
18000 376274 63972
18000 365720 64702
18000 358258 65180
18000 361168 64929
18000 362816 65057
18000 383185 64271
18000 361613 64896
18000 366701 64751
18000 374152 64680
18000 348057 65318
18000 348072 65321
18000 356570 65243
18000 369997 64911
18000 378703 64876
18000 354543 65001
18000 372283 64518
18000 370648 64824
18000 369929 64558
18000 374656 64767
18000 359566 65343
18000 353474 65159
18000 356023 65206
18000 345604 65424
18000 346451 65471
18000 367274 64783
18000 358910 64756
18000 359226 64959
18000 372515 64571
18000 357782 65190
18000 380001 64046
18000 357889 65323
18000 366892 65088
18000 373762 64469
18000 359906 64932
18000 354293 65113
18000 361260 65402
18000 357709 64613
18000 373680 64236
18000 368615 64734
18000 370649 64707
18000 364423 64960
18000 377234 64058
18000 350467 65253
18000 344936 65267
18000 358956 64923
18000 370057 64552
18000 350415 65155
18000 362000 65132
18000 353512 64936
18000 355752 65119
18000 365482 64663
18000 375395 64791
18000 351523 65261
18000 365408 64850
18000 376312 64602
18000 354817 64982
18000 346249 65277
18000 356994 64922
18000 361749 64759
18000 375643 64699
18000 361309 64737
18000 371685 64134
18000 350132 65657
18000 364427 64365
18000 358784 65031
18000 365307 64648
18000 371215 64850
18000 384469 63928
18000 354294 64974
18000 359834 64689
18000 345478 65309
18000 347915 65433
18000 355011 65333
18000 375795 64935
18000 385585 64120
18000 364542 64686
18000 370372 64457
18000 358534 65132
18000 371729 64427
18000 346828 65564
18000 348714 65355
19000 367512 69717
19000 375716 68873
19000 384568 68894
19000 381418 69188
19000 376466 69495
19000 387314 69120
19000 374781 69309
19000 396980 68540
19000 387676 68542
19000 379984 68851
19000 392721 68533
19000 400617 68669
19000 397061 68801
19000 386632 68335
19000 374322 69145
19000 377796 69208
19000 373759 69195
19000 403158 67799
19000 386859 68833
19000 376016 69051
19000 378607 69236
19000 392049 68478
19000 388129 68475
19000 389726 68870
19000 386021 68828
19000 380745 68984
19000 393262 68885
19000 407159 67894
19000 366961 69464
19000 380898 68915
19000 399502 67811
19000 385885 68573
19000 401527 68191
19000 389923 68732
19000 390361 68783
19000 378757 68774
19000 378064 69073
19000 412838 67571
19000 394107 68702
19000 371726 69275
19000 383809 68766
19000 376083 68964
19000 385667 68431
19000 396412 68310
19000 411873 67717
19000 380268 68993
19000 392805 68170
19000 369217 69479
19000 387320 68835
19000 375449 68887
19000 369247 69534
19000 402261 68211
19000 366557 69385
19000 384253 68297
19000 384441 68865
19000 393974 68489
19000 386399 68817
19000 386005 68809
19000 394497 68080
19000 393699 68400
19000 386455 68581
19000 410322 67926
19000 379549 69064
19000 397565 68614
19000 371570 69385
19000 397129 68433
19000 382922 68857
19000 396296 68780
19000 387416 68401
19000 377792 68838
19000 409557 68543
19000 391819 68902
19000 387217 68830
19000 393966 68921
19000 398543 67978
19000 403776 67747
19000 405645 68138
19000 372549 69245
19000 372274 69217
19000 385657 69101
19000 366786 69468
19000 390491 68469
19000 384952 69064
19000 378994 69079
19000 391927 69007
19000 384274 69120
19000 382939 68393
19000 417113 67265
19000 378378 68760
19000 379435 68921
19000 397325 68647
19000 411389 67308
19000 386022 68415
19000 414492 68102
19000 393125 68859
19000 381684 68899
19000 384227 68947
19000 381342 68747
19000 432489 67517
19000 377674 69257
20000 420129 72354
20000 401574 72728
20000 414222 72644
20000 385840 73601
20000 406028 72577
20000 427971 72227
20000 408345 72785
20000 416984 72806
20000 396118 73475
20000 394898 73145
20000 400013 73061
20000 457507 71894
20000 393010 73524
20000 400711 72675
20000 427807 72139
20000 407492 72772
20000 412710 72385
20000 385970 73607
20000 409241 72611
20000 402229 72656
20000 397923 73169
20000 402563 72814
20000 405752 72633
20000 420908 72835
20000 424394 72728
20000 403924 72749
20000 410306 72506
20000 393555 73544
20000 389593 73465
20000 398231 72883
20000 424338 72121
20000 406657 73261
20000 401251 73042
20000 411470 72752
20000 453508 71071
20000 389411 73272
20000 419684 72169
20000 417902 72118
20000 402586 72883
20000 385201 73696
20000 414090 72474
20000 390991 73723
20000 396250 73258
20000 419484 72583
20000 387720 73820
20000 382773 73725
20000 416538 72610
20000 418226 71771
20000 414451 72468
20000 412835 72407
20000 397186 73137
20000 408779 72848
20000 391060 73272
20000 388413 73586
20000 403111 73128
20000 404835 72799
20000 395230 73259
20000 401806 72826
20000 404446 72575
20000 408527 72988
20000 414042 72801
20000 397539 72870
20000 419829 72505
20000 440601 72204
20000 397770 73022
20000 390168 73815
20000 414630 72675
20000 406438 72873
20000 395581 73755
20000 419111 72011
20000 398811 73136
20000 415514 73292
20000 407075 72458
20000 403867 72773
20000 421519 72119
20000 396282 73282
20000 434919 71990
20000 404493 73128
20000 391231 73986
20000 423676 72729
20000 426852 72383
20000 425568 71797
20000 419724 72617
20000 415313 72468
20000 396050 73178
20000 392265 73663
20000 425323 72468
20000 400744 73256
20000 405249 72716
20000 420525 72332
20000 423132 72189
20000 405810 72890
20000 402914 73499
20000 411824 72341
20000 416378 72808
20000 402678 73140
20000 409706 73105
20000 422841 72238
20000 424544 72010
20000 401845 73401
